Data split:
Training instances: 245
Test instances: 106
--Training in process--
>> #Epoch run: 0: 
 >> Training accuracy=86.94%
 >> Weights =[-6.99458, 4.30352, 0.80364, 6.22557, 2.78684, 3.5095, 3.2283, 2.69852, 2.23207, 3.09296, -0.51877, -2.3487, -0.0902, -0.10747, 3.28641, 1.15923, -4.16121, 0.08684, 2.50099, 0.40735, 0.45025, -1.00622, -4.50622, 3.28644, 2.53698, 1.08354, 2.54046, -5.90166, 0.25108, 2.67953, -0.35372, 2.76878, -2.44078, -0.51278, -5.64669]
--Training in process--
>> #Epoch run: 1: 
 >> Training accuracy=87.35%
 >> Weights =[-10.99458, 6.30352, 0.80364, 6.04291, 2.41487, 5.42107, 1.39886, 1.2028, 3.58266, 4.39515, -0.5362, -3.13124, -0.74261, -1.98433, 1.72344, 2.26692, -4.94607, 0.6298, 0.78077, -0.74566, 1.0815, -2.96021, -8.31402, 3.23546, 4.50112, 0.20634, 7.28306, -6.67924, 0.0078, 3.57269, 0.03784, 3.29302, -2.88464, -1.13685, -8.70405]
--Training in process--
>> #Epoch run: 2: 
 >> Training accuracy=88.98%
 >> Weights =[-13.99458, 8.30352, 0.80364, 5.76258, 0.07851, 6.17427, 4.31152, 3.42845, 5.66038, 6.41998, 0.64499, -4.61132, -0.8009, -2.01046, 0.89097, 3.85976, -4.34899, 2.23596, 1.27617, -2.32857, -0.28082, -1.22446, -7.42503, 2.18468, 4.62267, 1.10158, 7.57602, -9.56553, -2.0067, 3.3886, 2.49857, 5.83156, -0.86022, 1.48252, -6.41729]
--Training in process--
>> #Epoch run: 3: 
 >> Training accuracy=86.12%
 >> Weights =[-16.99458, 8.30352, 0.80364, 6.35634, 1.30324, 5.80559, 5.26228, 3.95979, 5.56176, 8.60184, -0.44375, -5.42275, -2.58029, -3.45833, 1.59178, 5.8864, -5.90337, 2.88567, 2.27452, -0.81641, 1.76982, -1.61438, -5.62958, 2.1695, 5.90196, 0.3306, 5.79993, -10.15774, -0.47675, 5.41288, 4.4074, 3.84921, -0.2125, 0.84379, -9.43993]
--Training in process--
>> #Epoch run: 4: 
 >> Training accuracy=90.61%
 >> Weights =[-16.99458, 10.30352, 0.80364, 6.37414, -0.19069, 6.79314, 3.06133, 4.18587, 7.18466, 9.89949, -0.23499, -5.18877, -1.99031, -3.82952, 1.49882, 6.79656, -4.45974, 2.26873, 2.24001, -3.91953, -1.20798, -2.93921, -7.44877, 2.58254, 4.72186, 0.5273, 2.44691, -10.16026, -0.51337, 8.45438, 1.1961, 3.21838, 0.65271, -0.11021, -8.17256]
--Training in process--
>> #Epoch run: 5: 
 >> Training accuracy=93.06%
 >> Weights =[-17.99458, 11.30352, 0.80364, 5.78644, -0.16179, 5.95801, 2.0733, 4.89898, 10.09196, 9.91274, 1.69979, -6.71804, -2.07829, -5.40222, 3.45308, 7.46366, -4.94109, 0.9498, 3.04591, -3.29407, -0.36465, -4.13691, -8.57661, 2.01701, 6.48141, 1.40183, 1.55111, -9.58581, 0.69073, 8.01162, 1.5126, 3.80872, -0.84762, -0.695, -8.64663]
--Training in process--
>> #Epoch run: 6: 
 >> Training accuracy=91.43%
 >> Weights =[-18.99458, 13.30352, 0.80364, 7.57236, -0.07484, 5.81858, 3.88572, 5.94657, 8.95268, 10.86927, 2.01374, -6.25431, -2.05574, -6.73525, 3.18924, 5.4151, -3.05536, 1.67796, -0.07337, -5.02976, -1.02999, -1.29451, -8.12627, 1.67755, 4.25312, 0.15382, 2.23594, -10.90033, -0.6517, 8.72569, 2.9092, 3.33561, 1.18956, -0.05238, -8.88263]
--Training in process--
>> #Epoch run: 7: 
 >> Training accuracy=91.43%
 >> Weights =[-19.99458, 13.30352, 0.80364, 5.3442, -0.13234, 6.73081, 1.68352, 5.68262, 11.45405, 9.50998, 1.78042, -6.84186, -4.55462, -6.08152, 2.12281, 6.27731, -2.47471, 3.06751, 0.5969, -4.28973, 0.42628, -1.41229, -7.71744, 3.18032, 4.01111, 0.37114, 3.62086, -10.44959, 0.00085, 10.15096, 5.19175, 4.95255, 0.94965, -0.88998, -8.86902]
--Training in process--
>> #Epoch run: 8: 
 >> Training accuracy=90.61%
 >> Weights =[-20.99458, 14.30352, 0.80364, 5.85711, -0.81267, 6.9696, 2.17068, 7.42081, 10.32545, 10.37629, 0.73912, -6.70302, -6.13915, -5.4806, 3.36667, 5.34813, -5.28661, 3.25813, 0.96862, -4.55659, 1.12299, -0.76535, -7.50848, 1.80883, 5.16851, -1.18216, 4.22766, -11.72947, -0.17969, 8.83801, 3.61184, 4.64792, 1.35135, 0.17192, -8.59874]
--Training in process--
>> #Epoch run: 9: 
 >> Training accuracy=89.39%
 >> Weights =[-20.99458, 15.30352, 0.80364, 5.93591, 0.30551, 5.21317, 1.16674, 6.97219, 11.35564, 10.90048, -0.33703, -7.12755, -6.56528, -5.92411, 3.99324, 6.52621, -6.90257, 1.73794, 0.558, -3.77216, 0.46689, -0.82044, -7.32884, 1.81366, 5.77339, -0.5371, 2.29887, -12.39335, 0.89486, 11.11062, 1.83189, 3.29132, 2.16236, -0.32642, -8.33984]
--Training in process--
>> #Epoch run: 10: 
 >> Training accuracy=89.8%
 >> Weights =[-20.99458, 16.30352, 0.80364, 5.08294, -1.2303, 6.3922, 1.61717, 5.4273, 11.1477, 12.62489, 0.27845, -5.94335, -3.97024, -7.81612, 3.27359, 7.4074, -5.96038, 2.65773, -0.54517, -4.48928, 1.26931, -1.95679, -6.76486, 1.24474, 5.28981, -0.39539, 2.65312, -12.57745, 0.74, 9.99299, 3.06481, 3.07855, 1.45162, 0.67881, -9.5068]
--Training in process--
>> #Epoch run: 11: 
 >> Training accuracy=91.84%
 >> Weights =[-22.99458, 16.30352, 0.80364, 4.74743, -1.19515, 7.00447, 2.75085, 4.07129, 12.79413, 12.9399, 0.32231, -4.26021, -4.09744, -5.68657, 5.73259, 6.30579, -5.69448, 2.12286, 1.66129, -5.85407, 0.18931, -1.50901, -6.142, 1.62543, 4.88992, -0.8942, 1.43382, -14.46111, 0.07377, 11.34932, 1.72446, 4.41415, 1.34839, 1.99432, -7.61188]
--Training in process--
>> #Epoch run: 12: 
 >> Training accuracy=91.43%
 >> Weights =[-22.99458, 16.30352, 0.80364, 3.84368, -1.25856, 7.93308, 3.0348, 5.56524, 11.76388, 13.35623, 2.25188, -5.4572, -3.49235, -6.25426, 4.58552, 6.52056, -8.19973, 3.83429, 0.63012, -6.69818, 1.16353, -2.78163, -6.12967, 2.46039, 4.17256, -0.13998, 1.0227, -14.56569, 1.16315, 10.932, 0.67365, 4.65949, 0.42745, 1.78741, -8.47293]
--Training in process--
>> #Epoch run: 13: 
 >> Training accuracy=91.84%
 >> Weights =[-22.99458, 17.30352, 0.80364, 4.04543, 1.07055, 7.13677, 0.99163, 4.58528, 13.01217, 12.79854, 0.90385, -5.31628, -2.4588, -6.78448, 4.90897, 7.24118, -7.74889, 1.7981, -0.56354, -7.10458, 0.31991, -2.79194, -9.03582, 3.65317, 4.83752, -0.66606, 0.8035, -13.74841, 1.00614, 12.27416, 3.06328, 4.89712, 0.63205, 0.62405, -7.76302]
--Training in process--
>> #Epoch run: 14: 
 >> Training accuracy=88.98%
 >> Weights =[-22.99458, 19.30352, 0.80364, 4.43326, -1.49085, 7.2718, 2.84163, 5.61507, 11.42119, 14.60471, 1.05004, -5.21318, -2.9147, -7.84441, 3.52537, 6.4298, -8.16655, 2.94107, 0.64394, -7.7557, -0.24303, -2.4748, -9.03948, 4.39814, 3.70845, -3.0446, 2.71784, -13.1133, 0.23304, 10.92394, 3.18438, 4.62841, 2.23422, 1.29722, -8.36666]
--Training in process--
>> #Epoch run: 15: 
 >> Training accuracy=93.88%
 >> Weights =[-25.99458, 18.30352, 0.80364, 2.28768, -0.85275, 6.21099, 0.7366, 4.81884, 11.65261, 14.20622, 1.08164, -5.046, -3.09239, -6.10824, 6.28449, 7.13741, -7.7035, 3.35751, -0.07923, -7.82039, 0.96623, -1.84523, -7.50414, 4.40622, 5.04861, -2.26353, 3.00491, -14.38141, 0.10036, 11.58361, 3.00445, 4.5622, 2.30262, 0.34731, -8.18018]
--Training in process--
>> #Epoch run: 16: 
 >> Training accuracy=90.61%
 >> Weights =[-24.99458, 19.30352, 0.80364, 2.35885, -0.82285, 6.53188, 0.31433, 6.225, 13.96339, 14.00842, 3.29199, -5.43419, -4.66546, -7.37181, 5.14973, 7.24124, -7.79149, 3.93441, 0.7489, -8.8415, 1.1642, -3.08242, -7.32394, 5.75031, 7.09411, -2.01024, 1.27402, -14.06566, -0.3074, 11.24305, 3.46598, 5.96939, 1.48995, -0.10079, -8.9956]
--Training in process--
>> #Epoch run: 17: 
 >> Training accuracy=93.06%
 >> Weights =[-25.99458, 19.30352, 0.80364, 1.20929, -2.37338, 8.01814, 1.39327, 6.73457, 14.18895, 13.68212, 1.83572, -5.01779, -3.63119, -6.05628, 4.46045, 7.64642, -7.86142, 2.89503, -1.04615, -11.37393, 1.03916, -1.80103, -7.87911, 4.3778, 6.25409, 0.85702, 2.91126, -15.72724, 1.83257, 11.13796, 4.46412, 4.71014, 1.74243, -0.5034, -10.35496]
--Training in process--
>> #Epoch run: 18: 
 >> Training accuracy=93.06%
 >> Weights =[-26.99458, 20.30352, 0.80364, 1.30762, -0.8716, 7.26597, 3.27381, 5.15993, 14.28694, 14.36469, -0.4753, -6.39194, -4.51575, -7.80072, 3.93174, 8.26356, -8.39253, 4.56609, 0.67514, -8.04112, 3.34189, -2.50013, -9.58793, 5.18016, 6.22654, -0.39454, 3.69112, -14.98167, 0.70801, 10.6556, 5.69053, 3.42027, 1.70227, 0.35773, -10.8598]
--Training in process--
>> #Epoch run: 19: 
 >> Training accuracy=91.43%
 >> Weights =[-26.99458, 20.30352, 0.80364, 2.98622, -1.06286, 8.04348, 3.82165, 6.26423, 11.81489, 14.94149, 0.1709, -5.20469, -5.63318, -7.95293, 4.1214, 8.12953, -10.20488, 3.76078, 1.10435, -10.15677, 1.25691, -4.13206, -7.5573, 5.1647, 5.30541, -1.75824, 3.52114, -15.09812, 1.21205, 12.52979, 6.95843, 6.2695, 3.18224, 0.30427, -10.19025]
--Training in process--
>> #Epoch run: 20: 
 >> Training accuracy=91.43%
 >> Weights =[-28.99458, 21.30352, 0.80364, 2.99065, -0.82525, 7.0613, 2.14965, 5.46615, 12.43262, 14.12045, -0.99172, -6.08732, -5.40954, -6.1166, 5.8845, 8.83996, -10.45645, 2.98005, 1.05005, -10.05932, 1.61014, -3.86808, -8.42679, 4.15298, 4.55738, -1.05678, 4.83667, -15.97929, 1.74765, 12.73619, 5.02506, 4.80258, 2.25056, -0.76397, -9.94454]
--Training in process--
>> #Epoch run: 21: 
 >> Training accuracy=93.88%
 >> Weights =[-28.99458, 22.30352, 0.80364, 2.07988, -1.5347, 7.01785, 4.51397, 4.32436, 13.63749, 16.84585, -0.41676, -6.15815, -5.96081, -7.41017, 7.68638, 7.85575, -8.96063, 2.79603, 1.20219, -8.79658, 0.03795, -3.48291, -9.64345, 3.77534, 4.62887, -0.93766, 1.20001, -15.52046, 2.37427, 13.45251, 3.49106, 4.7459, 0.98942, -0.22535, -9.35336]
--Training in process--
>> #Epoch run: 22: 
 >> Training accuracy=92.65%
 >> Weights =[-27.99458, 23.30352, 0.80364, 1.17986, -1.87294, 7.76435, 3.83947, 6.17984, 12.78586, 16.54537, 1.44069, -6.21143, -4.70735, -6.81124, 6.72175, 8.92486, -8.32916, 3.75569, 0.91166, -11.58508, 0.14368, -3.48659, -9.39562, 4.03623, 5.20233, -0.05688, 1.77671, -16.40663, 2.55911, 13.1023, 2.95451, 4.95953, 0.52649, -1.51052, -9.49379]
--Training in process--
>> #Epoch run: 23: 
 >> Training accuracy=92.24%
 >> Weights =[-28.99458, 22.30352, 0.80364, 2.41675, -0.2635, 7.67542, 2.91387, 5.94687, 14.43503, 16.72535, 1.95764, -5.86489, -4.53055, -7.22402, 6.04151, 8.68191, -8.72839, 2.58207, 1.21598, -11.15012, 0.84215, -4.43591, -11.39911, 6.27138, 4.44705, -1.13458, 1.00105, -15.53304, 1.8226, 12.43086, 5.54471, 5.49721, 0.19534, -1.67688, -9.7748]
--Training in process--
>> #Epoch run: 24: 
 >> Training accuracy=92.24%
 >> Weights =[-29.99458, 23.30352, 0.80364, 1.10235, 0.42158, 8.11045, 0.84219, 6.37915, 13.22354, 16.42632, 0.20875, -7.03999, -5.15122, -5.63486, 5.76, 7.77054, -8.25725, 3.60542, -0.33841, -10.75109, 1.78288, -4.49291, -12.04575, 5.28992, 4.22414, 0.97942, 2.49289, -15.53013, 1.56866, 13.79244, 5.27355, 5.08446, 0.61637, -2.69587, -8.89053]
--Training in process--
>> #Epoch run: 25: 
 >> Training accuracy=91.02%
 >> Weights =[-30.99458, 24.30352, 0.80364, 3.86113, 0.23609, 7.47735, 1.74098, 7.55303, 11.97566, 17.20487, -0.39471, -6.35663, -5.57552, -6.5062, 6.97552, 8.33222, -9.37973, 2.77674, 1.23733, -10.76108, 1.77733, -3.05993, -10.27137, 6.05428, 3.67725, -1.73851, 2.06528, -15.94972, 2.90982, 12.49082, 4.87442, 7.39089, 1.09839, -0.49768, -7.78456]
--Training in process--
>> #Epoch run: 26: 
 >> Training accuracy=92.24%
 >> Weights =[-30.99458, 24.30352, 0.80364, 2.91747, 1.129, 8.51754, 1.2871, 6.24227, 12.50626, 16.11142, -1.13366, -6.66259, -5.34909, -7.18029, 5.24857, 7.13411, -8.54851, 1.80161, 0.26179, -12.31158, 2.71907, -3.81374, -11.78888, 6.16698, 3.93733, -1.82706, 1.8718, -16.76876, 1.27339, 13.25014, 6.36406, 7.50531, -0.1601, -1.06413, -9.18976]
--Training in process--
>> #Epoch run: 27: 
 >> Training accuracy=93.06%
 >> Weights =[-31.99458, 24.30352, 0.80364, 1.46229, -0.62341, 8.46893, 2.77015, 6.54858, 12.34562, 16.6175, -0.71758, -8.54983, -6.56845, -6.97384, 6.31969, 8.66848, -8.99204, 2.11534, 0.09539, -10.40518, 4.26062, -3.72657, -9.47473, 5.53617, 3.28326, -0.28674, 2.62561, -16.25175, 3.07271, 13.21551, 4.44617, 7.67212, 0.03962, -2.02332, -9.55791]
--Training in process--
>> #Epoch run: 28: 
 >> Training accuracy=91.02%
 >> Weights =[-30.99458, 25.30352, 0.80364, 3.42367, 0.76758, 10.02662, 3.21145, 5.47264, 11.04982, 17.39216, 0.28121, -7.10366, -5.51456, -6.90782, 5.0381, 8.88498, -8.39042, 1.59351, 0.34984, -12.09488, 3.95967, -3.68267, -12.10955, 6.81502, 3.77357, -1.18455, 2.60502, -16.46545, 2.26244, 13.66949, 5.55161, 7.38191, -1.94783, -2.70685, -11.28228]
--Training in process--
>> #Epoch run: 29: 
 >> Training accuracy=91.84%
 >> Weights =[-32.99458, 25.30352, 0.80364, 1.92406, -0.49322, 9.52497, 3.51883, 5.75633, 13.18237, 18.4782, -0.76112, -6.92549, -6.32875, -8.46127, 4.13076, 8.21138, -7.93584, 1.6646, 0.98188, -10.66301, 2.95871, -4.27887, -11.09953, 6.69609, 5.7765, -2.08066, 3.2961, -17.62273, 1.33367, 12.59821, 4.65349, 6.8811, -0.31005, -1.8916, -10.32256]
--Training in process--
>> #Epoch run: 30: 
 >> Training accuracy=93.06%
 >> Weights =[-32.99458, 25.30352, 0.80364, 1.28699, -0.59549, 8.45862, 3.22918, 6.13164, 12.0864, 18.86424, 0.76658, -7.04471, -5.65744, -8.02473, 4.92973, 9.9913, -8.01312, 2.39423, 0.79979, -12.79787, 3.06616, -3.9736, -10.26835, 6.31233, 5.2932, -0.77119, 3.37255, -18.15371, 1.93173, 13.06238, 4.88489, 7.30725, 0.2653, -2.84532, -9.42406]
--Training in process--
>> #Epoch run: 31: 
 >> Training accuracy=93.06%
 >> Weights =[-32.99458, 25.30352, 0.80364, 1.58592, 0.98891, 7.60404, 4.01191, 5.63623, 12.35957, 19.19131, 2.60525, -6.18612, -5.04388, -7.40052, 4.45234, 11.2253, -7.4714, 1.32506, -0.69495, -13.44741, 3.10439, -3.85472, -10.07497, 6.84519, 5.30666, -1.749, 3.51991, -17.29294, 2.58742, 13.85584, 6.26497, 5.95543, 1.37265, -4.07788, -10.63758]
--Training in process--
>> #Epoch run: 32: 
 >> Training accuracy=93.47%
 >> Weights =[-32.99458, 26.30352, 0.80364, 0.89704, 0.04931, 7.60064, 4.96072, 6.75306, 15.25837, 18.87752, 1.75729, -8.62505, -7.26613, -8.51305, 4.22147, 9.89921, -8.03591, 1.93038, 0.01115, -11.02147, 3.44506, -3.5524, -11.5763, 7.19668, 5.51449, -0.05822, 2.18407, -16.99259, 2.20376, 13.54884, 5.5534, 6.39444, 0.8723, -3.43981, -10.41093]
--Training in process--
>> #Epoch run: 33: 
 >> Training accuracy=93.88%
 >> Weights =[-33.99458, 26.30352, 0.80364, 1.78359, -0.77791, 9.21091, 3.66237, 6.28237, 13.62101, 18.62237, -0.37188, -5.94749, -7.02923, -7.03142, 4.56077, 9.0687, -8.7756, 1.38921, -0.70742, -12.88479, 2.08371, -4.2571, -11.04739, 7.61085, 5.45535, -0.34026, 2.24623, -16.92308, 2.29834, 15.82196, 5.61203, 6.86697, 0.71378, -1.91678, -8.9812]
--Training in process--
>> #Epoch run: 34: 
 >> Training accuracy=93.06%
 >> Weights =[-33.99458, 26.30352, 0.80364, 1.15335, -2.58029, 8.94351, 3.35632, 6.00756, 13.23637, 20.47006, 1.58755, -5.74846, -7.85046, -7.80654, 5.62851, 10.5248, -8.30079, 2.4639, 0.61013, -11.47365, 3.32738, -5.03672, -10.05389, 7.43449, 5.27293, -0.88289, 1.22328, -17.56152, 1.24436, 14.35518, 6.79537, 8.26795, -0.17984, -3.80656, -9.03064]
--Training in process--
>> #Epoch run: 35: 
 >> Training accuracy=91.84%
 >> Weights =[-32.99458, 28.30352, 0.80364, -0.1005, -0.20198, 6.84372, 4.53067, 5.87288, 14.50767, 20.40915, 0.85997, -7.22447, -8.43013, -7.80809, 6.57981, 10.72414, -8.14232, 2.42653, -1.65344, -11.476, 2.52131, -3.92828, -11.51814, 6.97609, 5.88271, -0.92372, 0.6363, -18.81927, 1.79722, 12.37506, 5.35294, 7.04272, 0.27664, -3.81149, -7.93262]
--Training in process--
>> #Epoch run: 36: 
 >> Training accuracy=91.43%
 >> Weights =[-33.99458, 27.30352, 0.80364, 0.50747, -1.05456, 7.62617, 5.98288, 5.66204, 13.46087, 20.04455, -1.29507, -5.15462, -8.90137, -6.21486, 6.02367, 10.47479, -8.51919, 2.14092, -0.55893, -12.83065, 3.32304, -4.06303, -11.14621, 7.98778, 4.39662, -1.0188, 1.55555, -18.52891, 2.45643, 14.86411, 5.26883, 7.81683, 1.03017, -2.67079, -8.03725]
--Training in process--
>> #Epoch run: 37: 
 >> Training accuracy=90.61%
 >> Weights =[-33.99458, 28.30352, 0.80364, 0.12744, 0.59553, 7.48732, 4.21918, 6.43783, 11.68644, 21.31458, -1.21442, -6.86457, -8.06402, -7.32691, 7.51259, 10.6014, -9.53609, 2.95695, -0.20972, -11.84673, 3.53065, -4.39016, -11.26963, 7.41507, 6.45962, -1.92531, 0.14464, -18.03753, 1.46097, 13.68716, 6.72715, 8.02186, -0.37275, -3.15892, -7.39485]
--Training in process--
>> #Epoch run: 38: 
 >> Training accuracy=92.24%
 >> Weights =[-34.99458, 28.30352, 0.80364, 1.1061, 0.14543, 8.9586, 3.92229, 6.72522, 11.78448, 19.6244, -1.27833, -6.65856, -7.08353, -5.97992, 4.76094, 10.90497, -8.55601, 1.9249, -1.40455, -14.46062, 3.37613, -4.73788, -13.49223, 7.17541, 6.17371, -0.06516, 1.84169, -18.54929, 2.58783, 14.9369, 4.43034, 6.49128, -1.55339, -3.16703, -9.09827]
--Training in process--
>> #Epoch run: 39: 
 >> Training accuracy=91.43%
 >> Weights =[-34.99458, 28.30352, 0.80364, 1.23516, -1.35724, 8.65951, 4.21275, 6.57361, 10.98547, 21.32298, -0.37939, -7.2814, -8.58262, -6.07172, 6.69783, 10.4272, -9.12654, 1.52119, 0.22218, -12.55742, 4.65672, -5.23097, -11.47802, 6.49412, 4.87064, -0.94493, 1.89115, -19.11684, 1.84162, 14.65855, 5.6905, 7.28694, -0.60164, -3.45202, -7.45838]
--Training in process--
>> #Epoch run: 40: 
 >> Training accuracy=93.47%
 >> Weights =[-34.99458, 29.30352, 0.80364, 0.18821, 0.21374, 7.51741, 3.69533, 5.60681, 13.5417, 20.87867, 0.74524, -6.84817, -6.69713, -7.74041, 5.7137, 11.66333, -7.83298, 0.25182, 0.13423, -13.25797, 3.92324, -4.75, -12.8785, 6.82954, 5.36198, -1.56864, 1.74458, -19.16109, 0.66171, 14.88228, 6.03249, 7.34268, 0.84759, -2.95063, -8.34215]
--Training in process--
>> #Epoch run: 41: 
 >> Training accuracy=89.8%
 >> Weights =[-34.99458, 29.30352, 0.80364, 0.64511, -1.21328, 8.09178, 3.25946, 7.27074, 11.35826, 21.97744, 1.30791, -6.0972, -7.91553, -8.84138, 6.12967, 11.35799, -9.52189, 1.88856, 0.33642, -13.77814, 3.60133, -6.15847, -11.2573, 7.76583, 4.8759, -2.11689, 1.53469, -16.5827, 2.31578, 15.41002, 6.94273, 8.32812, 1.74781, -3.19136, -8.27032]
--Training in process--
>> #Epoch run: 42: 
 >> Training accuracy=91.43%
 >> Weights =[-35.99458, 29.30352, 0.80364, 0.54484, -0.09125, 7.50937, 2.52504, 6.33549, 12.83944, 22.33659, -0.63108, -5.74349, -7.8979, -6.99201, 5.96493, 11.46048, -9.74373, 0.69832, -0.00571, -14.16303, 3.47421, -5.72606, -11.29482, 7.48006, 4.00784, -2.40856, 3.55976, -18.44884, 3.6605, 14.06405, 6.12244, 8.36801, 1.69898, -1.78404, -6.40096]
--Training in process--
>> #Epoch run: 43: 
 >> Training accuracy=91.02%
 >> Weights =[-36.99458, 30.30352, 0.80364, 0.65588, -0.83121, 8.57742, 3.39761, 5.27524, 13.14485, 22.25758, -0.68349, -5.68956, -8.26265, -8.34715, 5.08975, 12.04258, -8.35584, 3.31781, 0.27008, -13.58104, 5.23932, -6.01279, -11.75522, 8.34954, 3.36611, -1.36054, 3.35795, -17.47206, 2.27027, 14.55271, 7.24011, 5.76741, 0.8138, -1.19817, -7.83644]
--Training in process--
>> #Epoch run: 44: 
 >> Training accuracy=88.57%
 >> Weights =[-35.99458, 31.30352, 0.80364, 0.98176, -0.57107, 8.85269, 4.06421, 6.26713, 10.50548, 21.53965, -0.06341, -7.03113, -9.09312, -7.23099, 4.04644, 11.0039, -10.5323, 3.57119, -0.51858, -14.82366, 4.42791, -6.00418, -10.85505, 7.65408, 3.75518, -0.4233, 3.82916, -18.52179, 1.83501, 15.66976, 6.49003, 5.74183, 2.16382, -2.15868, -7.50415]
--Training in process--
>> #Epoch run: 45: 
 >> Training accuracy=89.39%
 >> Weights =[-35.99458, 31.30352, 0.80364, 0.28214, -1.59849, 10.37604, 3.87094, 5.43285, 10.47926, 23.24012, 0.93029, -7.55513, -7.65999, -8.7682, 5.30446, 10.92169, -10.47272, 2.41578, 0.61497, -14.08562, 3.40429, -6.64665, -11.19894, 6.76453, 4.42253, 0.30489, 2.37726, -18.65811, 4.18401, 14.82564, 5.6901, 7.66059, 0.63824, -1.89059, -6.54703]
--Training in process--
>> #Epoch run: 46: 
 >> Training accuracy=89.8%
 >> Weights =[-35.99458, 31.30352, 0.80364, -0.18124, 0.57579, 9.0277, 4.01276, 5.45411, 12.24678, 23.14289, 2.84028, -8.63474, -8.16233, -6.6927, 4.45885, 12.06127, -9.48671, 2.84832, -0.37715, -13.9086, 4.19746, -4.79511, -11.5347, 7.45173, 4.18989, 1.8891, 2.71082, -19.77448, 2.93617, 15.03314, 6.01187, 7.53282, 1.17218, -2.44846, -6.45211]
--Training in process--
>> #Epoch run: 47: 
 >> Training accuracy=91.02%
 >> Weights =[-36.99458, 30.30352, 0.80364, 0.48457, 0.76263, 9.31361, 3.23689, 4.07036, 11.87437, 23.63484, 3.2269, -6.69221, -7.72677, -7.04456, 5.89534, 11.53558, -8.83442, 1.72461, 1.07393, -14.00796, 5.27717, -5.99099, -12.40843, 7.7334, 6.54745, 1.18164, 2.27196, -18.64866, 1.68482, 15.58826, 7.80417, 8.69871, 0.1445, -2.07796, -8.45365]
--Training in process--
>> #Epoch run: 48: 
 >> Training accuracy=91.02%
 >> Weights =[-35.99458, 31.30352, 0.80364, 0.41573, -0.23791, 8.53528, 3.66397, 5.59873, 13.13124, 23.24733, 2.36798, -6.70093, -8.83873, -7.36038, 5.79569, 12.00529, -8.71682, 0.31231, 1.2089, -15.60712, 5.2201, -5.71145, -12.34256, 8.21761, 5.43389, 1.98042, 3.24052, -18.31732, 3.09173, 15.31955, 6.69935, 8.84058, 1.19132, -2.02819, -9.02827]
--Training in process--
>> #Epoch run: 49: 
 >> Training accuracy=92.24%
 >> Weights =[-36.99458, 31.30352, 0.80364, 1.30094, -0.02226, 8.26958, 3.69964, 4.45536, 13.2561, 21.54627, 1.69247, -6.75671, -10.07967, -6.62337, 4.95872, 11.8042, -9.00844, 0.04329, 1.54, -15.50267, 6.15172, -6.94148, -13.58572, 7.99958, 4.98348, 1.47012, 3.79056, -19.32218, 1.88841, 15.42888, 6.35192, 7.3029, 0.78353, -4.48065, -10.26804]
--Training in process--
>> #Epoch run: 50: 
 >> Training accuracy=90.61%
 >> Weights =[-38.99458, 30.30352, 0.80364, 1.23694, 0.36393, 8.33775, 3.85511, 5.40666, 12.31045, 24.24695, 2.33558, -6.4142, -10.74144, -5.34801, 5.70838, 12.3901, -8.64616, 1.81673, 0.606, -13.8858, 4.71314, -5.92365, -13.80521, 8.50229, 3.66226, -0.09372, 1.30216, -19.11025, 0.64841, 13.72094, 6.11586, 7.56868, -0.26808, -4.95739, -8.7986]
--Training in process--
>> #Epoch run: 51: 
 >> Training accuracy=93.88%
 >> Weights =[-38.99458, 31.30352, 0.80364, 1.01838, -0.87969, 8.18596, 3.91993, 5.78087, 11.4802, 23.4141, 1.35298, -6.49364, -8.7276, -8.01312, 5.60381, 12.12743, -7.83615, 0.8468, 0.11597, -15.63236, 4.26597, -5.84914, -14.50061, 8.25348, 3.50747, -0.48494, 3.80496, -19.2032, 1.3018, 13.98498, 7.49302, 7.1659, 2.20827, -3.94709, -8.4861]
--Training in process--
>> #Epoch run: 52: 
 >> Training accuracy=91.84%
 >> Weights =[-38.99458, 31.30352, 0.80364, -0.17605, -2.13098, 7.18138, 4.26793, 6.31303, 12.44294, 24.40025, 0.374, -7.02752, -10.15502, -9.16954, 6.00259, 13.11636, -8.32598, 1.03671, 1.06402, -13.75834, 4.21088, -7.00496, -12.99582, 8.05887, 2.83897, -0.9986, 2.79388, -18.80164, 1.0165, 13.66017, 7.48888, 10.27671, 2.45531, -2.90221, -8.06854]
--Training in process--
>> #Epoch run: 53: 
 >> Training accuracy=90.61%
 >> Weights =[-38.99458, 32.30352, 0.80364, 0.86248, -0.22487, 8.11096, 3.64894, 6.82862, 12.20682, 23.24563, -1.08503, -5.18024, -8.96404, -8.14138, 5.8648, 13.56884, -8.34111, 1.89355, 0.22975, -16.27944, 4.61465, -7.49101, -12.45547, 8.82796, 4.6502, -1.37342, 2.59702, -18.75383, 2.15207, 15.02089, 7.48481, 9.28041, 1.94106, -2.81871, -7.4877]
--Training in process--
>> #Epoch run: 54: 
 >> Training accuracy=92.24%
 >> Weights =[-37.99458, 33.30352, 0.80364, 0.0245, -0.85042, 8.73771, 4.57338, 6.12969, 12.13169, 23.15549, 0.36273, -6.62056, -10.11435, -8.64638, 6.56997, 10.63234, -8.88947, 0.05835, -0.79408, -16.3581, 4.17322, -6.06798, -13.69478, 7.59007, 4.88366, 0.55803, 2.69125, -20.33109, 1.58727, 15.50235, 7.40635, 8.76842, 2.43902, -2.93448, -8.58054]
--Training in process--
>> #Epoch run: 55: 
 >> Training accuracy=90.2%
 >> Weights =[-38.99458, 33.30352, 0.80364, 0.43895, 1.29616, 7.76805, 3.91475, 7.3234, 12.7201, 23.60098, 2.7608, -7.71095, -9.95112, -7.67195, 6.95541, 12.01611, -9.38212, 1.73305, -0.78667, -14.6382, 6.42873, -5.57351, -12.8731, 7.96509, 5.80861, 2.00453, 2.03993, -19.01043, 1.15236, 16.24719, 7.78052, 7.81421, 0.9679, -2.08242, -10.02244]
--Training in process--
>> #Epoch run: 56: 
 >> Training accuracy=90.2%
 >> Weights =[-38.99458, 33.30352, 0.80364, 1.40776, 1.44605, 7.38171, 3.98998, 7.63553, 13.22739, 23.74168, 2.15585, -6.78343, -10.16658, -6.86147, 5.71192, 11.96592, -10.55835, -0.56207, -0.3252, -15.74121, 5.141, -6.05559, -11.52864, 7.89677, 5.23516, -0.29794, 2.33503, -19.92237, 1.33564, 16.34184, 8.01621, 8.04566, 2.01702, -2.17971, -9.72792]
--Training in process--
>> #Epoch run: 57: 
 >> Training accuracy=90.61%
 >> Weights =[-39.99458, 33.30352, 0.80364, -1.05245, -0.51025, 8.14457, 3.14605, 7.88615, 12.1584, 22.3, 0.92084, -7.1144, -11.50244, -7.30125, 6.3719, 13.21874, -9.93704, 0.81642, 1.70523, -15.7433, 6.37898, -5.21847, -12.11502, 6.97603, 4.61411, -0.29531, 3.19474, -19.33132, 3.07762, 16.54641, 7.12144, 7.63026, 0.81317, -1.89101, -10.11431]
--Training in process--
>> #Epoch run: 58: 
 >> Training accuracy=93.47%
 >> Weights =[-40.99458, 32.30352, 0.80364, 0.96457, -1.36839, 8.95044, 5.65082, 7.24409, 13.16558, 22.52804, 3.29259, -7.14224, -8.62479, -8.82357, 6.73762, 12.19905, -11.18919, -0.41831, 1.22911, -15.78341, 5.3032, -5.81868, -12.77012, 8.193, 5.14135, 0.05341, 2.13553, -18.58218, 4.55631, 17.13201, 8.44532, 7.10694, -0.96458, -2.0524, -10.64923]
--Training in process--
>> #Epoch run: 59: 
 >> Training accuracy=91.43%
 >> Weights =[-40.99458, 33.30352, 0.80364, 0.68371, -0.4913, 7.88607, 4.18641, 8.0265, 14.60841, 22.48956, 0.35669, -6.15552, -9.44884, -6.66256, 4.63309, 12.95717, -12.25301, -0.21818, 0.71291, -15.26349, 4.93519, -5.36791, -12.58935, 9.3507, 4.54034, -0.92847, 2.08458, -19.51828, 3.63124, 17.6594, 7.96301, 7.98108, -0.60848, -1.17605, -8.98033]
--Training in process--
>> #Epoch run: 60: 
 >> Training accuracy=91.84%
 >> Weights =[-39.99458, 35.30352, 0.80364, -1.15549, -0.89729, 7.8006, 5.07219, 6.70183, 12.97278, 23.06142, 1.81527, -6.68774, -9.00355, -9.74185, 5.79312, 11.98293, -10.31716, 2.27811, -1.07005, -15.20124, 6.02256, -5.80659, -11.92439, 7.56408, 5.8776, -0.62712, 2.49822, -19.64983, 3.22317, 16.70561, 9.44123, 7.09247, -1.06993, -1.6375, -10.61122]
--Training in process--
>> #Epoch run: 61: 
 >> Training accuracy=90.61%
 >> Weights =[-40.99458, 35.30352, 0.80364, -1.61161, -1.2058, 7.89668, 4.14145, 8.55289, 11.63944, 22.20883, -1.78867, -7.00767, -9.00414, -8.48763, 5.7799, 12.255, -10.55126, 2.41924, -1.04686, -16.01072, 3.46958, -5.18081, -12.49223, 7.8374, 6.50828, -0.56628, 2.69422, -20.14808, 3.12912, 16.62401, 7.1271, 8.67717, -0.93901, -1.52884, -7.96113]
--Training in process--
>> #Epoch run: 62: 
 >> Training accuracy=92.65%
 >> Weights =[-39.99458, 36.30352, 0.80364, 0.5864, 0.16579, 7.65725, 4.31547, 7.21382, 12.14693, 22.62445, -0.02963, -7.03346, -8.98716, -9.74167, 5.157, 11.3873, -10.83217, 0.96576, -0.45094, -16.02595, 2.79345, -6.52409, -13.57491, 9.23155, 6.85225, -1.91259, 1.57231, -19.78408, 1.71068, 17.17205, 8.59592, 9.85933, -1.62357, -3.1806, -8.64577]
--Training in process--
>> #Epoch run: 63: 
 >> Training accuracy=91.43%
 >> Weights =[-40.99458, 35.30352, 0.80364, -0.55675, 0.1138, 6.76799, 4.55187, 8.12789, 11.95831, 21.88229, -0.19316, -7.88569, -9.79489, -8.41358, 5.34306, 12.13991, -11.22381, 2.33978, -0.50506, -15.67904, 4.07799, -5.0848, -12.92781, 9.2844, 5.29505, -2.29543, 2.53092, -20.91224, 1.83829, 16.69747, 9.10795, 9.49238, -0.81851, -2.34748, -7.08415]
--Training in process--
>> #Epoch run: 64: 
 >> Training accuracy=89.39%
 >> Weights =[-39.99458, 36.30352, 0.80364, 0.13863, -0.38848, 7.74396, 3.55541, 8.05162, 11.19399, 23.23151, -0.39219, -6.97444, -9.76679, -8.34799, 5.64342, 12.37996, -10.3523, 1.5923, 1.01299, -15.49874, 2.929, -3.71634, -13.41548, 8.89587, 4.74463, -2.09204, 2.57358, -21.56643, 4.33359, 16.46987, 9.5553, 9.7192, -1.13511, -2.01085, -5.73962]
--Training in process--
>> #Epoch run: 65: 
 >> Training accuracy=91.84%
 >> Weights =[-41.99458, 34.30352, 0.80364, 0.63046, 1.43179, 6.85463, 4.73552, 6.15006, 12.77089, 22.46613, 2.63699, -5.90006, -9.14953, -6.93326, 4.97708, 12.61462, -9.47869, 1.62287, -0.5041, -16.8845, 4.69824, -3.63768, -12.5777, 9.12846, 5.88562, -1.68621, 2.37026, -22.46564, 3.25868, 17.72559, 10.87691, 7.42832, -1.53221, -3.36798, -7.68677]
--Training in process--
>> #Epoch run: 66: 
 >> Training accuracy=92.24%
 >> Weights =[-40.99458, 35.30352, 0.80364, 0.05817, -0.78322, 8.20537, 3.39357, 6.77735, 11.8312, 23.47835, 2.58584, -6.23026, -9.10252, -7.91606, 4.38278, 12.60164, -9.72457, 0.31422, -1.63227, -17.47368, 4.67513, -5.55176, -13.02403, 8.47636, 4.19481, -1.48333, 2.60805, -22.57424, 2.98372, 16.81661, 9.82908, 9.04993, -2.07318, -4.39034, -8.0486]
--Training in process--
>> #Epoch run: 67: 
 >> Training accuracy=92.65%
 >> Weights =[-40.99458, 35.30352, 0.80364, 0.2273, -0.77737, 7.17913, 2.9114, 6.78244, 13.35532, 23.1586, 2.89444, -6.71297, -10.43805, -9.8283, 5.05021, 13.0495, -10.9917, -0.51985, -1.42231, -16.65893, 3.9447, -5.92317, -13.13845, 9.92176, 5.96673, -0.45221, 1.34037, -20.61118, 3.61643, 17.01918, 9.96082, 10.60187, -1.22019, -3.54756, -9.73331]
--Training in process--
>> #Epoch run: 68: 
 >> Training accuracy=91.84%
 >> Weights =[-41.99458, 35.30352, 0.80364, 0.28758, -2.65174, 8.72729, 5.52607, 7.92136, 12.5122, 21.88429, 1.34356, -6.84443, -10.41736, -8.51265, 5.33623, 12.40097, -9.65988, 1.4065, 1.56542, -17.05278, 5.46231, -5.51043, -13.62042, 9.43143, 5.62266, 0.39356, 3.00424, -21.09085, 5.75118, 17.90948, 9.4324, 9.44006, -0.59638, -3.71249, -8.12024]
--Training in process--
>> #Epoch run: 69: 
 >> Training accuracy=88.98%
 >> Weights =[-41.99458, 37.30352, 0.80364, 0.50385, -1.88658, 8.3361, 4.83172, 6.87212, 12.35019, 23.94812, 0.69203, -5.58544, -10.18399, -7.16425, 5.16316, 12.92989, -9.49704, 1.03655, -0.40671, -15.25129, 4.75514, -4.07324, -13.98158, 8.68962, 6.0014, -0.26691, 4.15469, -22.69015, 2.71855, 17.51993, 9.22033, 8.07584, 0.26613, -4.5811, -9.68816]
--Training in process--
>> #Epoch run: 70: 
 >> Training accuracy=89.39%
 >> Weights =[-41.99458, 37.30352, 0.80364, 0.77334, -0.31978, 7.02401, 3.67237, 6.40672, 14.14266, 23.21941, 1.76464, -5.61941, -8.6679, -9.13809, 6.76752, 14.00412, -9.92123, -0.20945, 0.47352, -15.30373, 5.88362, -4.7924, -14.0144, 10.3607, 6.05412, -1.28141, 3.01697, -20.24535, 2.62077, 17.8315, 10.83656, 9.52072, -0.83862, -3.83262, -10.82362]
--Training in process--
>> #Epoch run: 71: 
 >> Training accuracy=91.43%
 >> Weights =[-41.99458, 37.30352, 0.80364, 1.30071, -0.16818, 6.84905, 4.21836, 7.80593, 12.23284, 23.20401, 0.61127, -7.67032, -9.36816, -8.92809, 5.55233, 12.14285, -11.56765, 0.65319, -0.59256, -16.0788, 5.01008, -4.84136, -13.36518, 9.05237, 4.0154, -1.27397, 3.69502, -22.27686, 3.68054, 17.88066, 8.91946, 8.97204, -0.75631, -5.21413, -9.9261]
--Training in process--
>> #Epoch run: 72: 
 >> Training accuracy=89.8%
 >> Weights =[-41.99458, 37.30352, 0.80364, 1.85489, 0.29663, 8.66015, 3.39607, 7.36388, 14.18542, 23.70741, 0.32242, -5.4284, -9.09387, -8.46971, 5.7015, 11.59307, -11.33038, 2.05372, -0.86836, -14.96523, 7.47875, -5.68038, -13.45646, 9.98777, 4.64288, -2.36463, 2.39578, -21.97901, 1.79072, 18.3011, 10.44469, 9.6944, -2.67435, -4.26479, -10.6765]
--Training in process--
>> #Epoch run: 73: 
 >> Training accuracy=91.02%
 >> Weights =[-42.99458, 37.30352, 0.80364, -0.13509, -1.38853, 7.90005, 2.19275, 9.03993, 14.33827, 23.23639, -0.00041, -7.18896, -7.83241, -8.81355, 8.44998, 12.82322, -11.84536, 0.99245, -2.35931, -15.56244, 5.39858, -3.969, -13.08865, 9.60123, 6.61116, 1.36951, 3.25451, -22.68185, 3.43286, 17.67254, 7.2466, 11.06807, -2.25613, -4.40148, -9.50483]
--Training in process--
>> #Epoch run: 74: 
 >> Training accuracy=91.02%
 >> Weights =[-42.99458, 37.30352, 0.80364, 0.54682, -0.98066, 8.25627, 4.33528, 7.87676, 12.30727, 24.75731, 1.58118, -5.96157, -7.90459, -8.84166, 7.49874, 11.19134, -11.05865, 2.37439, -1.70454, -16.36882, 5.46251, -4.92237, -14.43415, 9.71713, 6.6119, 0.61652, 2.34507, -22.78788, 3.39375, 16.82428, 8.97424, 11.76828, -3.12903, -4.90458, -9.40966]
--Training in process--
>> #Epoch run: 75: 
 >> Training accuracy=91.84%
 >> Weights =[-43.99458, 38.30352, 0.80364, -1.09102, 1.23274, 7.09176, 4.90629, 7.47987, 14.21513, 23.60927, -0.8152, -6.12472, -7.2431, -9.68146, 5.60695, 12.96315, -9.08011, 3.39703, -0.62707, -14.76047, 7.58624, -3.93564, -16.1428, 10.26074, 5.33967, -1.01797, 4.2404, -22.04558, 4.14627, 16.97299, 8.73534, 10.57781, -1.44597, -3.42574, -9.3457]
--Training in process--
>> #Epoch run: 76: 
 >> Training accuracy=93.47%
 >> Weights =[-44.99458, 37.30352, 0.80364, 1.03529, -0.15003, 7.73797, 6.14135, 6.99596, 12.11853, 23.72885, -1.32364, -6.94026, -7.27575, -10.386, 6.4006, 11.03704, -12.55603, 1.41305, -2.61903, -14.37252, 6.52038, -6.34095, -14.24097, 9.25998, 5.35408, -0.2508, 4.29803, -21.81233, 4.17308, 18.18214, 8.83318, 10.78963, -0.62185, -3.75391, -9.23677]
--Training in process--
>> #Epoch run: 77: 
 >> Training accuracy=91.43%
 >> Weights =[-43.99458, 38.30352, 0.80364, 0.50487, -0.21229, 7.27181, 4.61139, 7.77836, 14.13528, 23.64566, 0.76458, -7.70064, -7.803, -10.07892, 5.59958, 12.36767, -11.92156, 2.32695, -1.91051, -14.19109, 7.54132, -6.00339, -14.45168, 9.88422, 4.83936, -0.35913, 2.39232, -23.05405, 2.04359, 16.10479, 9.17295, 11.2705, -2.31497, -4.17819, -8.78441]
--Training in process--
>> #Epoch run: 78: 
 >> Training accuracy=93.88%
 >> Weights =[-44.99458, 37.30352, 0.80364, 1.11417, -0.86721, 7.99759, 5.72825, 7.66618, 13.96291, 22.53657, -0.49268, -6.43171, -8.17464, -9.5485, 4.84675, 11.1299, -11.85131, 1.30401, -1.40279, -16.57052, 6.45541, -6.40849, -13.27981, 10.29034, 5.02708, -1.04353, 3.59511, -22.67038, 3.612, 17.32081, 9.19708, 11.62579, -1.34101, -3.37726, -8.48667]
--Training in process--
>> #Epoch run: 79: 
 >> Training accuracy=93.06%
 >> Weights =[-43.99458, 38.30352, 0.80364, 0.06973, -0.48214, 6.59064, 5.38808, 8.93454, 13.66258, 23.26967, 1.85078, -7.57098, -8.64324, -9.49997, 5.88352, 12.95373, -12.86923, 1.44568, -1.43108, -16.52553, 7.51619, -4.79352, -13.44997, 9.05646, 5.91955, -0.08162, 3.43951, -23.92591, 4.42753, 15.66048, 8.61128, 9.79113, -0.71655, -4.33728, -9.95713]
--Training in process--
>> #Epoch run: 80: 
 >> Training accuracy=93.06%
 >> Weights =[-44.99458, 37.30352, 0.80364, 0.5583, -1.88928, 7.45037, 7.09469, 7.81501, 14.21286, 24.01971, 0.68332, -5.73513, -10.89467, -10.43704, 5.69733, 13.23137, -12.12473, 0.89966, -1.28802, -15.96627, 5.66554, -5.3621, -13.69014, 10.42952, 5.25333, -2.0979, 1.42138, -21.53612, 4.80323, 17.50663, 9.20909, 10.87518, -0.74426, -2.98544, -9.06311]
--Training in process--
>> #Epoch run: 81: 
 >> Training accuracy=93.06%
 >> Weights =[-43.99458, 39.30352, 0.80364, 0.50992, 0.41825, 6.57081, 5.5174, 8.18343, 13.92852, 23.27876, 0.66565, -7.82253, -10.55126, -9.94085, 5.26826, 12.04177, -12.488, 0.36812, -2.5741, -15.90377, 6.97608, -5.03822, -14.0622, 8.52443, 6.43224, -0.70538, 2.44895, -22.05175, 4.86876, 18.14205, 9.08174, 10.0682, -0.71775, -3.84087, -10.05458]
--Training in process--
>> #Epoch run: 82: 
 >> Training accuracy=90.2%
 >> Weights =[-43.99458, 39.30352, 0.80364, -0.13025, -0.90312, 7.85607, 6.07215, 8.06822, 13.793, 24.00249, 1.35244, -7.46313, -12.20781, -9.84242, 5.82993, 11.10274, -11.8877, 0.54711, 0.00951, -15.50494, 6.2549, -4.39662, -14.03139, 9.25211, 6.04138, -1.50841, 2.205, -22.00444, 4.66689, 17.37639, 9.01455, 11.84414, -1.11912, -2.11647, -8.89911]
--Training in process--
>> #Epoch run: 83: 
 >> Training accuracy=89.8%
 >> Weights =[-43.99458, 39.30352, 0.80364, -0.07401, -0.45774, 8.60455, 5.33982, 8.87905, 11.14122, 24.29163, 2.20638, -7.15703, -12.36925, -8.54995, 5.39049, 11.1188, -13.02664, 2.4487, -1.02223, -16.46792, 6.35473, -2.86727, -15.59648, 8.09635, 5.32999, -1.87299, 1.91467, -23.46922, 3.82038, 16.97522, 8.56101, 10.65485, -2.17038, -1.60695, -10.18709]
--Training in process--
>> #Epoch run: 84: 
 >> Training accuracy=90.2%
 >> Weights =[-44.99458, 39.30352, 0.80364, 0.05408, -0.61298, 7.62525, 5.05912, 8.84879, 13.38893, 24.63161, 0.54782, -7.24045, -11.42522, -10.41273, 5.61968, 11.52596, -11.72342, 1.94888, 0.16807, -16.42718, 5.53747, -5.00974, -14.27237, 8.46628, 5.06758, -4.02203, 0.29035, -22.83646, 5.28339, 17.03484, 7.36583, 11.13583, -2.23673, -3.07173, -8.05952]
--Training in process--
>> #Epoch run: 85: 
 >> Training accuracy=90.2%
 >> Weights =[-44.99458, 39.30352, 0.80364, 0.44365, -0.31811, 8.75308, 6.23171, 9.6106, 12.44922, 24.39696, 1.45605, -6.72286, -11.50426, -8.41509, 5.17192, 10.85581, -11.94736, 3.24828, -0.58704, -17.84597, 6.01524, -4.39934, -12.89634, 7.65305, 4.91308, -3.02407, 1.20737, -23.99243, 6.28113, 18.02838, 7.52118, 10.16462, -0.69123, -2.80705, -7.92159]
--Training in process--
>> #Epoch run: 86: 
 >> Training accuracy=92.24%
 >> Weights =[-45.99458, 38.30352, 0.80364, -0.39099, 0.04768, 7.30016, 5.22386, 9.98026, 11.95439, 24.44041, 2.54004, -8.16234, -10.16346, -8.88981, 6.18273, 12.41189, -11.29512, 2.72112, -0.87883, -17.75203, 7.8769, -3.18226, -12.84743, 6.52177, 5.23268, -1.41209, 1.64793, -24.27072, 5.50671, 17.7616, 9.66343, 9.97928, -0.24907, -3.90127, -8.25493]
--Training in process--
>> #Epoch run: 87: 
 >> Training accuracy=89.39%
 >> Weights =[-44.99458, 39.30352, 0.80364, 0.05006, 1.60591, 7.38472, 4.06915, 10.47564, 14.4257, 24.16711, 1.85363, -7.35886, -10.14014, -8.7169, 5.23074, 13.54211, -10.20633, 0.91606, -2.06901, -17.96337, 6.27496, -3.45836, -13.44817, 7.89854, 5.09538, -1.12971, 1.19606, -23.37975, 4.76751, 19.03626, 9.96374, 11.75991, 0.2008, -3.18027, -8.95358]
--Training in process--
>> #Epoch run: 88: 
 >> Training accuracy=91.43%
 >> Weights =[-45.99458, 38.30352, 0.80364, 0.01032, -0.14309, 7.68198, 4.88391, 10.13612, 14.31513, 25.49432, 1.62871, -6.04053, -12.33219, -9.41235, 5.38834, 12.4059, -12.47903, 0.75915, 0.10576, -16.37533, 6.30267, -4.57201, -12.0114, 8.09631, 5.92861, -2.0872, 0.32357, -23.43541, 5.25606, 18.82053, 9.43024, 12.29199, 0.50367, -2.21146, -9.99126]
--Training in process--
>> #Epoch run: 89: 
 >> Training accuracy=91.02%
 >> Weights =[-44.99458, 39.30352, 0.80364, -0.28104, -0.64497, 8.00451, 4.96183, 9.79415, 12.31595, 24.76498, 1.60012, -6.63385, -12.99842, -10.15654, 4.8442, 12.21422, -12.67405, 0.17377, -0.90106, -16.60743, 5.42889, -3.17327, -13.91315, 7.81018, 4.31137, -1.90332, 0.25293, -23.56402, 5.57906, 19.71961, 9.6574, 11.98534, -0.09651, -2.17697, -11.63497]
--Training in process--
>> #Epoch run: 90: 
 >> Training accuracy=92.24%
 >> Weights =[-45.99458, 39.30352, 0.80364, 0.19316, -1.35656, 9.74964, 6.2996, 10.26003, 14.17481, 23.57823, 2.36129, -6.38873, -10.74181, -9.9554, 6.12273, 11.84691, -11.02162, 0.68197, -0.44885, -18.01742, 8.33549, -4.50465, -12.98124, 7.81746, 5.70881, -1.45619, 1.74547, -23.03355, 7.62412, 19.27202, 9.39668, 10.23066, -1.7073, -2.48729, -11.77818]
--Training in process--
>> #Epoch run: 91: 
 >> Training accuracy=89.8%
 >> Weights =[-44.99458, 40.30352, 0.80364, 1.17215, -0.67954, 10.12694, 5.28615, 9.47553, 14.95516, 22.99916, 1.88521, -5.81403, -11.01799, -9.14612, 5.64934, 11.69364, -12.15814, 0.38441, -1.29009, -17.80405, 7.76077, -4.48721, -13.69338, 8.95554, 5.39038, -1.30386, 1.57157, -23.35149, 6.32507, 20.09086, 10.6932, 10.92024, -0.95184, -3.40153, -11.68102]
--Training in process--
>> #Epoch run: 92: 
 >> Training accuracy=91.43%
 >> Weights =[-45.99458, 39.30352, 0.80364, -0.01103, -1.29578, 9.79892, 5.79721, 9.15813, 14.51006, 23.71816, 1.04432, -6.23884, -12.60659, -9.36143, 5.42493, 11.41813, -13.55687, 2.21964, -0.40567, -16.33266, 7.56238, -4.93079, -14.3106, 8.68626, 3.08112, -3.23609, -0.50623, -23.81945, 4.69842, 18.89713, 10.49126, 13.46009, -1.14253, -3.2947, -10.10322]
--Training in process--
>> #Epoch run: 93: 
 >> Training accuracy=91.43%
 >> Weights =[-46.99458, 39.30352, 0.80364, 0.04174, -0.20034, 9.36522, 6.34504, 8.48034, 13.27116, 24.21255, 1.84811, -5.94933, -10.0824, -9.8867, 5.13873, 13.15093, -13.5446, 1.47281, -1.80773, -16.4849, 6.80997, -3.09929, -14.15878, 7.51014, 4.25922, -2.41343, 1.77761, -23.95021, 7.95415, 18.88341, 10.94993, 10.60577, 2.16279, -1.87684, -11.04232]
--Training in process--
>> #Epoch run: 94: 
 >> Training accuracy=92.24%
 >> Weights =[-46.99458, 40.30352, 0.80364, -0.79012, 0.38419, 7.96315, 3.88588, 7.33944, 15.33253, 24.58967, 1.7034, -6.11375, -9.736, -10.78011, 5.80608, 13.09765, -12.85324, 0.39353, -1.7429, -15.91067, 5.65958, -5.02972, -14.70608, 7.39209, 7.14796, -3.35955, 0.09029, -23.49856, 5.26191, 18.50506, 11.09258, 11.71477, 0.88603, -2.78651, -11.70389]
--Training in process--
>> #Epoch run: 95: 
 >> Training accuracy=91.02%
 >> Weights =[-47.99458, 41.30352, 0.80364, -1.16887, -0.92536, 7.60985, 4.37453, 8.87663, 13.16593, 23.8639, 0.26621, -6.75952, -10.34023, -8.92127, 6.49386, 14.11517, -12.27166, 2.18398, 0.26462, -16.35783, 5.29445, -4.09989, -14.21642, 7.60527, 7.34204, -1.35786, 1.81584, -23.26271, 5.94712, 19.74558, 8.43025, 12.60075, 2.01437, -3.42773, -10.18166]
--Training in process--
>> #Epoch run: 96: 
 >> Training accuracy=92.65%
 >> Weights =[-47.99458, 41.30352, 0.80364, 1.92593, -0.20669, 7.6247, 4.3885, 7.65676, 12.08847, 25.3343, 2.36665, -5.83025, -9.76267, -9.59993, 5.76367, 13.26405, -12.44155, 1.04365, 0.49511, -17.27392, 5.47554, -4.93882, -15.19294, 7.71721, 7.00937, -2.5063, 0.24628, -23.28814, 3.99265, 18.95501, 10.77221, 12.36188, -1.01388, -3.62092, -11.55497]
--Training in process--
>> #Epoch run: 97: 
 >> Training accuracy=92.24%
 >> Weights =[-48.99458, 41.30352, 0.80364, 0.05706, -1.01875, 7.93137, 4.02832, 9.34467, 12.52414, 23.77959, -0.20084, -6.81869, -9.60768, -8.44711, 5.84567, 12.75586, -10.96812, 1.40045, -0.77875, -17.8098, 5.36575, -4.87583, -14.34092, 7.32488, 5.02102, -2.57579, 0.81365, -24.5987, 3.8526, 19.3122, 9.68426, 12.23882, 0.63041, -3.1912, -7.35343]
--Training in process--
>> #Epoch run: 98: 
 >> Training accuracy=92.65%
 >> Weights =[-48.99458, 41.30352, 0.80364, 0.60329, 0.94816, 8.52638, 5.26381, 6.83431, 12.2564, 23.77672, 2.133, -6.85508, -8.88241, -9.60051, 6.93497, 12.11746, -12.341, 0.74111, -3.28193, -17.52486, 6.39928, -5.95032, -13.78022, 8.5726, 6.75624, -1.74907, 1.37106, -23.49121, 4.88098, 19.67601, 11.23239, 11.60731, -1.14396, -3.51255, -9.67202]
--Training in process--
>> #Epoch run: 99: 
 >> Training accuracy=92.65%
 >> Weights =[-47.99458, 42.30352, 0.80364, -0.47152, -1.23026, 8.80184, 4.19681, 8.84, 13.55237, 24.82863, 1.88483, -7.39207, -10.81481, -9.65142, 5.18746, 13.41308, -11.29801, -0.03636, -2.48911, -16.99227, 4.71179, -4.10406, -16.63375, 8.35182, 5.66703, -1.90165, 1.30909, -25.51493, 4.88419, 17.36241, 9.08324, 11.71336, -1.16005, -4.34974, -10.30567]
--Training in process--
>> #Epoch run: 100: 
 >> Training accuracy=89.8%
 >> Weights =[-47.99458, 42.30352, 0.80364, 0.66776, -2.20786, 9.14014, 4.0662, 9.97724, 12.43387, 24.97713, 1.14139, -6.3935, -11.67088, -10.62472, 5.70764, 14.76301, -12.52625, 1.59273, -1.55334, -17.03425, 5.03716, -5.47934, -14.54634, 9.63194, 5.39719, -3.68093, 1.14246, -23.69327, 6.43488, 17.26097, 9.7148, 12.62683, -1.30299, -4.49474, -9.65681]
--Training in process--
>> #Epoch run: 101: 
 >> Training accuracy=91.02%
 >> Weights =[-47.99458, 42.30352, 0.80364, 0.69116, -1.56677, 8.58563, 5.98087, 8.83163, 13.47158, 23.84408, 1.50122, -7.84451, -12.68369, -10.33161, 6.01038, 13.04867, -11.6942, 0.69536, -1.97224, -16.90367, 5.24594, -3.49889, -14.41554, 9.73493, 4.04579, -2.45171, 2.21412, -24.39357, 6.7976, 18.49456, 10.80914, 12.64817, -0.07413, -4.17122, -8.11579]
--Training in process--
>> #Epoch run: 102: 
 >> Training accuracy=91.02%
 >> Weights =[-47.99458, 42.30352, 0.80364, 0.82744, -0.86071, 9.18873, 5.39209, 7.3487, 14.02289, 24.33394, 3.15049, -6.61359, -12.25271, -10.47662, 6.53088, 11.73756, -11.16011, 1.50596, -3.26939, -16.47356, 7.98814, -4.77198, -14.76273, 9.52069, 5.79921, -3.04796, 1.37483, -23.62132, 4.93007, 19.49626, 13.51937, 12.09161, -1.56282, -4.4561, -10.9255]
--Training in process--
>> #Epoch run: 103: 
 >> Training accuracy=93.47%
 >> Weights =[-48.99458, 41.30352, 0.80364, 0.32876, -1.83174, 9.05812, 6.07969, 8.34471, 13.38219, 23.27019, 1.48062, -6.70388, -11.80593, -9.21821, 4.92896, 12.68452, -12.79461, 1.20782, -3.82708, -18.17737, 7.00545, -5.733, -14.04515, 9.32937, 5.03275, -3.238, 3.07485, -24.35716, 6.93054, 19.1759, 12.19345, 12.38085, -0.46705, -4.43228, -9.88406]
--Training in process--
>> #Epoch run: 104: 
 >> Training accuracy=90.61%
 >> Weights =[-48.99458, 43.30352, 0.80364, 0.17097, -1.90395, 9.00587, 3.87207, 9.24642, 12.15017, 24.51532, -0.0157, -8.27202, -13.7056, -9.86792, 5.92238, 13.83674, -12.08061, 2.061, -3.28117, -15.38961, 5.57981, -5.34925, -16.38867, 9.02126, 5.30067, -3.48577, 2.21132, -22.64191, 6.75632, 18.83122, 10.12436, 11.77537, -1.80808, -4.71778, -10.25246]
--Training in process--
>> #Epoch run: 105: 
 >> Training accuracy=92.24%
 >> Weights =[-49.99458, 43.30352, 0.80364, 1.55675, -1.20772, 9.18848, 4.56066, 9.47915, 14.84425, 24.65381, -0.40395, -8.65214, -10.98634, -9.5382, 6.97924, 13.97924, -11.39107, 2.03572, -3.68929, -17.00751, 5.65829, -6.80455, -14.43262, 8.71774, 5.7008, -2.81888, 1.76734, -23.42789, 7.03594, 17.89577, 9.8419, 11.40624, -1.99481, -3.25143, -7.06318]
--Training in process--
>> #Epoch run: 106: 
 >> Training accuracy=91.43%
 >> Weights =[-49.99458, 43.30352, 0.80364, 1.38191, -2.3295, 9.76897, 5.04418, 9.68283, 12.42715, 25.14498, 0.79137, -8.04685, -11.51131, -8.07775, 6.78337, 14.15077, -11.88668, 2.32964, -3.9859, -17.70608, 4.77766, -4.76154, -15.05395, 8.22298, 5.26797, -2.83085, 2.20716, -24.15609, 6.86701, 17.85095, 9.32673, 11.30604, -3.01542, -3.25109, -8.96012]
--Training in process--
>> #Epoch run: 107: 
 >> Training accuracy=90.2%
 >> Weights =[-48.99458, 44.30352, 0.80364, 1.06437, -0.39728, 8.89195, 5.37271, 8.53849, 14.00281, 24.07958, 1.65088, -8.16493, -10.56984, -8.51727, 8.56446, 14.73848, -10.70755, 0.39713, -3.99524, -17.74104, 7.31441, -5.63428, -13.83431, 8.67785, 6.01118, -2.94509, 3.78315, -23.69882, 7.14934, 19.91241, 10.98245, 11.42249, -1.19662, -3.84737, -9.42462]
--Training in process--
>> #Epoch run: 108: 
 >> Training accuracy=90.61%
 >> Weights =[-49.99458, 43.30352, 0.80364, 1.41199, -1.80284, 8.22286, 5.77289, 8.96585, 14.73041, 25.1391, 1.97994, -8.94786, -13.39986, -8.59118, 8.31928, 12.98845, -13.24612, -0.10136, -2.15495, -16.08178, 6.0933, -5.23693, -13.87299, 9.13892, 5.27161, -2.8963, 2.41501, -23.68161, 6.18594, 19.77, 11.37349, 12.69436, 0.25523, -3.19691, -9.06295]
--Training in process--
>> #Epoch run: 109: 
 >> Training accuracy=91.02%
 >> Weights =[-49.99458, 43.30352, 0.80364, 0.52586, -1.42278, 8.09299, 4.74674, 9.04194, 13.16043, 25.31829, 2.74597, -8.35605, -12.96722, -7.80495, 6.61229, 13.40562, -13.52991, 1.04176, -1.62614, -17.56424, 5.42658, -4.43268, -15.33369, 8.25281, 5.35091, -2.82955, 1.08862, -25.11999, 5.64447, 19.48398, 11.12232, 13.07812, -0.62289, -2.81231, -9.91209]
--Training in process--
>> #Epoch run: 110: 
 >> Training accuracy=90.2%
 >> Weights =[-49.99458, 43.30352, 0.80364, 1.65495, -1.28195, 8.58829, 5.79252, 8.9444, 14.25112, 24.82758, 1.3963, -6.61023, -12.24134, -7.22855, 5.69617, 13.26401, -12.61051, 0.66249, 0.45208, -17.805, 6.47666, -4.37024, -15.72703, 8.54008, 4.32096, -4.62404, 1.25098, -25.40685, 7.17519, 20.57428, 12.17977, 12.66341, -0.03063, -1.58751, -8.74486]
--Training in process--
>> #Epoch run: 111: 
 >> Training accuracy=92.65%
 >> Weights =[-49.99458, 44.30352, 0.80364, -0.56107, -1.82326, 9.26385, 3.97208, 10.14909, 14.71813, 24.58237, 1.57, -8.67874, -10.35767, -8.33655, 7.46936, 13.34665, -11.76421, 0.51819, -2.51904, -17.73719, 6.34118, -5.94598, -15.38784, 7.17982, 6.70008, -2.76263, 0.83136, -25.92889, 6.0062, 19.50608, 10.72412, 13.41177, -2.51637, -3.17952, -9.63342]
--Training in process--
>> #Epoch run: 112: 
 >> Training accuracy=90.61%
 >> Weights =[-49.99458, 45.30352, 0.80364, -0.9445, -1.60279, 8.21103, 5.92337, 10.67433, 13.78142, 26.30786, 3.89169, -10.07491, -9.9016, -9.36925, 6.63853, 12.31767, -10.65746, 3.11659, -3.71253, -16.28957, 6.31861, -4.19877, -15.7094, 7.62522, 4.98465, -1.81428, 2.28235, -25.28389, 5.49524, 18.53039, 12.68318, 13.0331, -0.28138, -2.3954, -9.74002]
--Training in process--
>> #Epoch run: 113: 
 >> Training accuracy=91.84%
 >> Weights =[-52.99458, 44.30352, 0.80364, -0.30645, 0.0164, 8.52837, 4.92149, 9.71344, 15.66624, 23.73339, 0.35286, -8.35788, -10.02988, -8.38157, 7.61285, 12.6454, -9.99615, 2.70536, -2.1544, -16.49851, 7.08033, -4.53207, -15.76276, 9.26796, 6.88289, -3.98357, 2.42088, -23.27351, 6.45219, 20.82386, 11.6223, 10.95953, -0.67511, -1.13429, -8.7828]
--Training in process--
>> #Epoch run: 114: 
 >> Training accuracy=93.47%
 >> Weights =[-52.99458, 44.30352, 0.80364, 1.68028, -1.46293, 7.87925, 5.90311, 10.16234, 13.63494, 23.89865, -0.33635, -7.87362, -9.6835, -7.93396, 6.92148, 11.94452, -12.13491, 1.72436, -0.69346, -18.20915, 6.19016, -5.63874, -14.10735, 8.68029, 6.9649, -4.43219, 2.59148, -24.30739, 7.32162, 21.68721, 10.60169, 10.74675, -0.28349, -3.18247, -9.60021]
--Training in process--
>> #Epoch run: 115: 
 >> Training accuracy=91.02%
 >> Weights =[-51.99458, 45.30352, 0.80364, 1.26022, -0.77684, 6.45031, 6.04091, 11.03862, 13.71655, 23.34372, -0.20413, -9.68527, -10.30366, -8.05723, 5.97717, 12.79017, -13.21016, 2.2303, -1.88456, -18.02509, 5.91247, -4.29656, -15.40457, 7.94303, 3.88311, -3.96082, 1.53376, -24.80667, 6.51534, 21.63335, 10.16912, 9.85625, 0.35635, -2.72852, -9.52581]
--Training in process--
>> #Epoch run: 116: 
 >> Training accuracy=93.47%
 >> Weights =[-51.99458, 45.30352, 0.80364, 0.4587, -1.16572, 7.79162, 4.67055, 9.63447, 14.59012, 23.55296, 1.06516, -8.34873, -8.84372, -9.01159, 6.26895, 13.57181, -13.32183, 1.21213, -2.79679, -17.68812, 6.71535, -5.89118, -15.07648, 8.12006, 6.36433, -3.94181, 1.12705, -24.4962, 6.30448, 20.81711, 10.78113, 10.66732, -2.73671, -2.73497, -11.97404]
--Training in process--
>> #Epoch run: 117: 
 >> Training accuracy=93.06%
 >> Weights =[-50.99458, 46.30352, 0.80364, -0.42764, -2.36388, 7.56151, 4.08948, 10.32021, 14.57231, 24.33581, 1.62714, -10.13373, -10.72934, -9.33148, 5.79467, 12.08575, -12.68067, 1.86926, -2.22173, -17.64627, 5.96985, -6.61032, -14.31711, 7.81709, 6.25333, -3.19066, 1.8929, -24.89257, 5.65658, 19.4059, 10.91218, 12.5617, -2.49189, -3.74928, -10.8734]
--Training in process--
>> #Epoch run: 118: 
 >> Training accuracy=91.02%
 >> Weights =[-50.99458, 46.30352, 0.80364, 0.32435, -2.46582, 8.77119, 4.84267, 10.31286, 12.40546, 23.91557, 1.89981, -9.6095, -11.30668, -8.26934, 6.75165, 11.80928, -13.14976, 2.87896, -2.42018, -18.01098, 5.9424, -3.97454, -16.40766, 8.60546, 3.91999, -2.70427, 1.79511, -25.12826, 5.63772, 20.3992, 11.38405, 12.19757, -2.8921, -2.32875, -10.36069]
--Training in process--
>> #Epoch run: 119: 
 >> Training accuracy=91.84%
 >> Weights =[-52.99458, 46.30352, 0.80364, -0.85754, -2.01552, 8.75576, 6.05544, 9.25554, 12.71801, 25.39246, -0.22515, -9.22725, -9.97108, -9.18673, 7.46884, 13.3349, -12.32219, 1.86835, -3.30102, -15.02039, 4.97526, -3.87946, -15.95346, 8.78657, 4.86981, -5.24645, 3.10743, -24.90982, 6.94179, 18.74119, 10.58981, 11.09672, -0.31881, -1.46519, -8.10132]
--Training in process--
>> #Epoch run: 120: 
 >> Training accuracy=93.06%
 >> Weights =[-52.99458, 46.30352, 0.80364, 0.09144, -2.39908, 7.82919, 4.3802, 9.89792, 13.11949, 25.67591, 1.12901, -8.80255, -9.12372, -9.51078, 6.25236, 14.0575, -12.64534, 2.2202, -3.33441, -16.67709, 4.87195, -5.47467, -15.88224, 8.8518, 5.84867, -5.57888, 1.67145, -24.39655, 5.35186, 18.78066, 10.22152, 11.5148, -1.41152, -2.42786, -10.47569]
--Training in process--
>> #Epoch run: 121: 
 >> Training accuracy=93.88%
 >> Weights =[-53.99458, 45.30352, 0.80364, 0.91456, -2.52978, 8.0215, 5.94083, 9.3604, 15.05705, 25.35988, 1.57928, -8.93212, -6.95453, -9.68813, 6.14536, 14.00484, -11.57609, 1.70494, -3.53395, -17.98616, 5.55347, -7.03952, -14.46303, 9.47003, 7.00523, -4.47394, 2.25328, -24.24089, 6.20267, 18.2779, 11.67668, 11.62821, -2.29216, -1.43494, -9.77109]
--Training in process--
>> #Epoch run: 122: 
 >> Training accuracy=93.06%
 >> Weights =[-52.99458, 46.30352, 0.80364, -0.62362, -2.06943, 7.34718, 5.43936, 10.01869, 14.04512, 25.98993, 0.99268, -9.73847, -8.35141, -9.53667, 6.08511, 14.20293, -13.55021, 2.36184, -4.89243, -16.64017, 5.98633, -6.39751, -14.71008, 8.938, 8.3624, -3.57505, 2.17694, -25.82512, 6.25467, 17.02521, 11.02127, 10.97581, -2.56425, -1.66866, -11.6919]
--Training in process--
>> #Epoch run: 123: 
 >> Training accuracy=93.88%
 >> Weights =[-52.99458, 46.30352, 0.80364, -0.36176, -2.0997, 7.02653, 5.7094, 9.9754, 15.29716, 24.52195, 0.38241, -9.82138, -8.76201, -8.84514, 5.98928, 13.82331, -12.52575, 1.06541, -4.51411, -17.88151, 6.00655, -7.02532, -13.5915, 10.15743, 7.83183, -2.6306, 3.89569, -25.64495, 6.32847, 18.82733, 11.37288, 12.42906, -0.86155, -2.17848, -10.36668]
--Training in process--
>> #Epoch run: 124: 
 >> Training accuracy=91.84%
 >> Weights =[-52.99458, 46.30352, 0.80364, 0.19158, -3.34705, 7.74536, 5.33316, 9.16644, 13.82464, 26.54081, -0.06211, -9.39042, -9.95672, -9.95472, 6.93509, 13.91606, -12.38315, 1.07225, -1.2372, -16.67165, 5.49127, -7.17616, -15.52187, 10.3683, 6.3952, -4.08531, 2.77076, -25.67555, 7.99569, 17.70619, 11.52082, 12.55571, -2.58202, -1.60287, -9.90118]
--Training in process--
>> #Epoch run: 125: 
 >> Training accuracy=91.02%
 >> Weights =[-51.99458, 47.30352, 0.80364, 0.991, -2.04352, 8.06607, 5.06701, 9.64405, 14.39901, 25.85619, 0.9717, -8.89209, -9.88527, -8.18908, 5.04134, 14.14334, -13.0438, 1.77627, -3.85974, -17.42569, 6.49871, -7.99946, -13.30403, 11.17416, 6.61367, -2.47169, 3.13881, -25.79932, 7.19374, 20.17814, 12.06412, 11.8939, -1.27262, -2.86753, -10.67915]
--Training in process--
>> #Epoch run: 126: 
 >> Training accuracy=90.2%
 >> Weights =[-52.99458, 46.30352, 0.80364, 1.07508, -2.02227, 9.72601, 5.88174, 9.85043, 11.36277, 26.63103, 1.21037, -9.68025, -11.3523, -7.80973, 6.19503, 11.97812, -12.81716, 0.8205, -4.13897, -18.13941, 4.97191, -7.34874, -15.09839, 10.11478, 5.02494, -1.20768, 3.53168, -25.8959, 6.65729, 21.4999, 10.79914, 13.12138, -0.49987, -2.22728, -9.98003]
--Training in process--
>> #Epoch run: 127: 
 >> Training accuracy=92.24%
 >> Weights =[-52.99458, 46.30352, 0.80364, 0.32687, -2.04595, 8.46818, 5.40644, 9.74062, 12.39249, 26.91958, 2.23467, -11.08286, -11.31361, -9.49434, 6.70025, 13.36668, -13.24706, 0.66544, -1.76899, -17.35377, 5.16759, -8.12064, -14.11675, 9.93144, 4.57722, -2.05013, 1.25989, -26.21884, 7.38345, 21.08398, 10.36914, 13.92233, -1.30465, -2.86633, -8.7499]
--Training in process--
>> #Epoch run: 128: 
 >> Training accuracy=92.65%
 >> Weights =[-52.99458, 46.30352, 0.80364, 0.73796, -1.43162, 8.46717, 3.44006, 9.72867, 13.60495, 26.4997, 3.39584, -10.02085, -10.82712, -8.44635, 5.53552, 13.8824, -11.67987, -0.07638, -1.26638, -19.56965, 5.70959, -7.12228, -15.92437, 10.04531, 4.7132, -2.62807, 2.01546, -27.34391, 6.88045, 20.36912, 10.82005, 12.73161, -2.0746, -2.84311, -9.96859]
--Training in process--
>> #Epoch run: 129: 
 >> Training accuracy=90.61%
 >> Weights =[-52.99458, 46.30352, 0.80364, 0.34967, 0.50499, 8.07718, 4.57798, 8.95931, 13.1801, 26.44903, 2.23266, -9.31395, -11.10386, -7.51574, 7.49541, 14.83806, -12.06529, 1.10153, -1.33666, -18.83184, 6.93244, -5.63398, -14.49343, 10.68565, 4.72405, -2.3963, 2.16045, -27.08868, 8.62584, 20.76588, 11.07563, 13.04706, -1.88996, -1.37771, -9.54796]
--Training in process--
>> #Epoch run: 130: 
 >> Training accuracy=92.24%
 >> Weights =[-52.99458, 47.30352, 0.80364, -0.49297, -1.74426, 7.32911, 4.7536, 8.31354, 13.58687, 27.04428, 1.55384, -9.52321, -11.0978, -10.65124, 6.1664, 14.43526, -11.18719, -0.11635, -1.797, -17.49747, 5.99907, -6.76521, -15.37164, 9.83239, 4.96787, -4.27465, 2.15223, -27.45066, 6.30213, 20.39762, 11.99505, 12.57959, -0.3431, -2.13222, -11.42938]
--Training in process--
>> #Epoch run: 131: 
 >> Training accuracy=92.24%
 >> Weights =[-53.99458, 46.30352, 0.80364, 0.74203, -0.88829, 8.48424, 6.24549, 8.51605, 11.78222, 26.9883, 3.1488, -9.65471, -11.12762, -10.78898, 6.58619, 12.96579, -12.49776, 2.56235, -2.81343, -18.50147, 5.68253, -6.90913, -15.4298, 10.55933, 4.79573, -3.8028, -0.06165, -26.71509, 6.84016, 21.19541, 13.1481, 11.01084, -0.93855, -1.70245, -10.92503]
--Training in process--
>> #Epoch run: 132: 
 >> Training accuracy=90.61%
 >> Weights =[-52.99458, 47.30352, 0.80364, 0.58898, -0.68706, 7.6222, 6.32467, 9.60575, 12.2242, 27.18415, 3.08181, -10.63184, -11.93459, -9.40235, 6.47698, 13.35021, -12.71795, 2.25759, -3.07847, -18.10727, 5.46118, -5.10525, -14.73841, 10.45655, 3.54536, -3.59247, 1.00859, -27.42782, 7.09199, 20.90357, 13.20647, 11.4531, 0.14347, -1.03811, -10.30543]
--Training in process--
>> #Epoch run: 133: 
 >> Training accuracy=91.84%
 >> Weights =[-53.99458, 47.30352, 0.80364, 0.66894, -0.41245, 8.28343, 4.81969, 9.20046, 12.79497, 26.67739, 1.47475, -8.57224, -11.0365, -8.34351, 6.53294, 13.84006, -11.96875, 1.26792, -2.41493, -18.91616, 4.11138, -4.23448, -15.84159, 11.55036, 4.99113, -5.2597, 1.02965, -27.5546, 6.92686, 21.15987, 12.42059, 11.87855, -0.77202, -0.46859, -9.93929]
--Training in process--
>> #Epoch run: 134: 
 >> Training accuracy=92.65%
 >> Weights =[-53.99458, 47.30352, 0.80364, 1.02388, -2.36072, 7.84044, 3.79853, 9.93164, 13.23171, 26.60576, 2.45109, -8.90307, -9.69503, -8.73162, 5.75741, 14.72608, -12.30277, -0.41916, -2.55396, -19.75059, 4.09976, -6.05183, -15.33979, 10.66493, 5.5639, -5.37728, 2.01183, -28.13378, 6.94896, 19.56208, 11.85843, 12.35527, -1.95674, -1.78788, -11.55228]
--Training in process--
>> #Epoch run: 135: 
 >> Training accuracy=91.43%
 >> Weights =[-53.99458, 48.30352, 0.80364, 0.86592, -1.24668, 8.04254, 3.70958, 9.95929, 12.85367, 25.17719, 2.98891, -11.61177, -10.1441, -9.56576, 7.5892, 13.08179, -12.75561, 2.33983, -3.3964, -18.15684, 6.85659, -7.09113, -13.60266, 10.9313, 6.07342, -2.20899, 2.00583, -26.67082, 6.93475, 21.37535, 12.96423, 12.5322, -2.14406, -3.28379, -11.04813]
--Training in process--
>> #Epoch run: 136: 
 >> Training accuracy=94.69%
 >> Weights =[-55.99458, 47.30352, 0.80364, -0.45786, -1.70568, 8.47685, 6.12556, 8.25907, 14.1314, 25.39348, 1.5324, -9.52683, -9.99647, -10.22411, 5.64781, 14.11462, -9.43754, 1.5611, -2.56463, -18.02607, 4.67125, -4.95204, -16.14407, 12.05992, 4.18798, -4.21472, 1.53354, -26.36578, 6.87844, 21.54347, 12.34693, 12.41263, -0.40024, -2.13599, -11.24582]
--Training in process--
>> #Epoch run: 137: 
 >> Training accuracy=93.88%
 >> Weights =[-54.99458, 48.30352, 0.80364, 0.81414, -2.64348, 8.22806, 5.1532, 8.87029, 13.38297, 26.21212, 1.60536, -9.09626, -8.53182, -9.93612, 6.12006, 14.59724, -10.52643, 0.04825, -2.26359, -18.55418, 5.43546, -7.2672, -14.98747, 11.08291, 5.94268, -3.84329, 2.84934, -26.68819, 7.94533, 20.43987, 12.87384, 13.08197, 0.61986, -2.86629, -11.86303]
--Training in process--
>> #Epoch run: 138: 
 >> Training accuracy=93.47%
 >> Weights =[-54.99458, 48.30352, 0.80364, 0.06299, -3.2357, 6.55479, 4.94571, 8.75901, 12.12603, 26.64371, 1.19203, -10.33615, -9.87804, -10.0994, 6.97314, 14.76569, -11.86026, 0.42107, -1.7004, -16.71749, 5.96342, -7.20555, -15.19915, 10.74421, 4.8987, -3.85251, 1.42617, -26.36358, 6.48133, 20.44767, 13.03064, 14.40181, 0.31417, -2.87068, -12.20468]
--Training in process--
>> #Epoch run: 139: 
 >> Training accuracy=91.43%
 >> Weights =[-54.99458, 49.30352, 0.80364, 0.03432, -2.36275, 7.49643, 3.87685, 10.15212, 10.4626, 26.86995, 0.77435, -10.73985, -10.35404, -8.11738, 6.38855, 13.89971, -11.30218, 2.22326, -3.97966, -18.34425, 5.24134, -5.92412, -15.18643, 10.56499, 3.95131, -2.63409, 1.97748, -27.92389, 6.72873, 20.69005, 11.6452, 13.18263, 0.33431, -2.81668, -10.3636]
--Training in process--
>> #Epoch run: 140: 
 >> Training accuracy=91.02%
 >> Weights =[-53.99458, 50.30352, 0.80364, -0.01481, -2.01949, 6.99244, 3.77518, 8.35818, 12.97364, 26.38377, 1.45373, -9.83213, -10.65049, -9.53295, 7.13057, 14.73662, -9.68048, 1.44159, -2.66823, -18.11625, 7.00339, -6.74307, -15.00763, 11.53618, 5.37648, -4.23929, 1.40364, -27.07532, 6.43915, 20.20069, 12.83698, 13.65691, -1.58429, -3.30552, -12.03402]
--Training in process--
>> #Epoch run: 141: 
 >> Training accuracy=93.47%
 >> Weights =[-54.99458, 49.30352, 0.80364, -0.28257, -1.47901, 8.78489, 4.66467, 9.13681, 14.6913, 25.05185, 1.56427, -8.78704, -11.3546, -8.52617, 6.06139, 13.29568, -9.9339, 2.49518, -3.5083, -19.8579, 6.54223, -6.2892, -14.82039, 13.33978, 6.51124, -3.68489, 0.70664, -27.36902, 6.86891, 21.58975, 11.49238, 13.10567, -0.8952, -1.93442, -11.32246]
--Training in process--
>> #Epoch run: 142: 
 >> Training accuracy=92.24%
 >> Weights =[-54.99458, 49.30352, 0.80364, 0.02776, -1.64093, 7.8695, 4.31703, 9.05784, 12.65942, 25.55876, 1.13068, -10.00004, -12.12838, -9.02275, 6.76871, 13.36476, -11.40262, 2.75507, -2.81866, -18.82889, 7.03897, -6.42761, -14.00285, 11.60862, 6.20942, -4.49894, 1.68952, -28.9703, 9.13673, 20.76104, 11.84617, 11.37893, 0.18079, -3.59738, -10.29933]
--Training in process--
>> #Epoch run: 143: 
 >> Training accuracy=91.84%
 >> Weights =[-53.99458, 50.30352, 0.80364, 0.98775, -0.43644, 8.23005, 5.02972, 7.32501, 13.00859, 26.17594, 1.02573, -8.28218, -12.69674, -8.0205, 5.29335, 12.77999, -10.67675, 1.62183, -3.00358, -19.77253, 5.70413, -5.55708, -17.07982, 12.06392, 5.46114, -4.91989, 1.46853, -28.79721, 7.40156, 21.97352, 11.13242, 13.01931, -0.30787, -3.48786, -12.08502]
--Training in process--
>> #Epoch run: 144: 
 >> Training accuracy=91.02%
 >> Weights =[-54.99458, 49.30352, 0.80364, 0.41305, -0.01151, 8.54128, 4.27137, 8.8756, 12.28271, 27.73432, 2.16345, -9.98542, -10.45314, -8.10772, 6.49473, 14.48079, -11.50053, 2.01552, -4.27323, -18.1755, 7.20118, -5.18929, -16.50975, 11.19302, 6.80688, -2.98669, 2.27734, -28.81661, 7.14476, 20.15698, 12.41852, 13.79368, -1.4869, -2.66339, -12.18199]
--Training in process--
>> #Epoch run: 145: 
 >> Training accuracy=91.02%
 >> Weights =[-54.99458, 49.30352, 0.80364, 1.84197, -1.35212, 8.49995, 4.69668, 8.87228, 11.64839, 26.41107, 1.47368, -10.44753, -11.4277, -10.67794, 7.33429, 14.37411, -12.3466, 1.55707, -3.60296, -18.35781, 6.10519, -6.7936, -15.61111, 11.87258, 6.22481, -3.76964, 1.0478, -26.82289, 7.75819, 21.28271, 13.16746, 14.76408, -0.9089, -3.80445, -11.0581]
--Training in process--
>> #Epoch run: 146: 
 >> Training accuracy=90.2%
 >> Weights =[-54.99458, 49.30352, 0.80364, 1.71054, -0.40631, 8.77459, 4.03105, 9.36108, 13.56122, 25.67829, 1.0148, -9.1606, -10.69549, -9.72021, 7.6564, 14.28515, -10.50643, 1.36803, -3.01634, -19.57191, 7.54106, -6.02035, -17.05587, 12.28057, 5.8488, -4.39496, 1.84727, -27.06811, 6.93016, 21.3769, 14.10817, 14.50296, -1.78696, -2.19875, -11.48264]
--Training in process--
>> #Epoch run: 147: 
 >> Training accuracy=91.43%
 >> Weights =[-54.99458, 49.30352, 0.80364, 1.86032, -2.26733, 8.88065, 5.13091, 10.26058, 14.87904, 25.85596, 0.65992, -8.71967, -12.02527, -8.68707, 6.51946, 13.27192, -11.78853, 0.77695, -3.64674, -20.0377, 6.93862, -6.3374, -15.34734, 11.86094, 5.6043, -3.01142, 2.09102, -28.3984, 6.65975, 22.20162, 12.44501, 15.36603, 0.46594, -3.41233, -11.79338]
--Training in process--
>> #Epoch run: 148: 
 >> Training accuracy=92.65%
 >> Weights =[-55.99458, 48.30352, 0.80364, 0.94157, -2.33509, 8.6442, 5.86188, 9.94207, 13.7864, 26.31393, 0.7891, -8.61556, -12.73436, -9.81938, 8.58616, 13.83336, -11.95433, 3.03116, -3.62449, -19.27525, 7.97595, -6.22689, -15.2142, 11.7653, 5.94961, -4.28883, 0.53442, -27.16924, 7.42601, 21.33186, 13.28081, 14.7174, -1.44411, -2.32577, -12.58826]
--Training in process--
>> #Epoch run: 149: 
 >> Training accuracy=90.2%
 >> Weights =[-54.99458, 49.30352, 0.80364, 1.24571, -2.21745, 8.59077, 5.94436, 9.84709, 12.48539, 26.82439, 0.67701, -10.12999, -13.4626, -9.40887, 8.31987, 12.30972, -13.10966, 1.41946, -2.80889, -18.42902, 7.41761, -5.97495, -14.12217, 10.58997, 6.09837, -4.2014, 1.62644, -29.14921, 8.54714, 21.8387, 13.07005, 14.52498, 0.35705, -4.11559, -11.26185]
--Training in process--
>> #Epoch run: 150: 
 >> Training accuracy=91.02%
 >> Weights =[-55.99458, 49.30352, 0.80364, -0.19815, -1.80876, 8.34987, 4.71061, 9.77618, 12.848, 26.93747, 0.38944, -9.22729, -12.82948, -7.88933, 8.44738, 13.46671, -12.66464, 2.43909, -2.12755, -19.43064, 5.83687, -4.5331, -15.6954, 10.74105, 6.84537, -3.99812, 0.38925, -30.14566, 7.44201, 21.69568, 11.39381, 15.0921, -0.48819, -2.92743, -10.77082]
--Training in process--
>> #Epoch run: 151: 
 >> Training accuracy=90.2%
 >> Weights =[-55.99458, 49.30352, 0.80364, 1.21739, -1.01354, 8.5041, 4.44488, 9.85816, 13.35336, 28.02292, 2.76381, -9.48854, -11.71065, -8.97779, 9.71047, 14.05679, -12.01716, 1.77975, -3.05842, -18.81395, 6.52312, -5.32925, -14.29563, 10.71952, 8.17147, -3.75892, -1.09215, -28.41163, 6.15385, 22.28226, 13.99792, 14.98733, -0.40546, -4.30401, -11.78838]
--Training in process--
>> #Epoch run: 152: 
 >> Training accuracy=92.65%
 >> Weights =[-55.99458, 49.30352, 0.80364, 1.08274, -2.7359, 8.70233, 4.14384, 10.75525, 12.29518, 26.76159, 0.26099, -10.06202, -12.35079, -9.14762, 7.55217, 15.47299, -12.57461, 1.14058, -4.3476, -20.80558, 4.3608, -5.80379, -16.41199, 10.98993, 5.20982, -4.15999, 0.02766, -28.58799, 8.03772, 21.59154, 11.58675, 15.48027, -0.33807, -4.27306, -11.02678]
--Training in process--
>> #Epoch run: 153: 
 >> Training accuracy=91.43%
 >> Weights =[-55.99458, 49.30352, 0.80364, 0.8421, -1.91404, 8.06748, 4.89993, 10.49616, 13.86579, 27.71708, 3.02934, -9.8242, -12.00578, -8.52135, 8.76293, 15.60333, -10.40352, 2.60148, -3.56196, -19.52767, 7.51252, -5.04318, -15.31625, 11.72359, 6.23177, -4.09522, 0.90862, -28.4818, 7.8868, 20.7446, 14.13112, 15.14315, -1.78222, -3.42237, -11.80529]
--Training in process--
>> #Epoch run: 154: 
 >> Training accuracy=90.61%
 >> Weights =[-55.99458, 50.30352, 0.80364, 2.14575, -0.68222, 8.05735, 5.46037, 11.25702, 14.97413, 24.61126, 1.403, -10.98693, -11.97349, -8.45863, 6.67141, 14.3122, -10.90286, 2.76519, -4.21837, -20.10304, 7.87174, -5.75376, -16.48826, 12.01441, 5.92177, -3.2104, 1.27747, -27.55794, 7.82833, 22.53976, 14.17538, 14.09598, -1.20001, -4.10468, -12.07213]
--Training in process--
>> #Epoch run: 155: 
 >> Training accuracy=90.2%
 >> Weights =[-55.99458, 50.30352, 0.80364, 1.91555, -2.88214, 9.03653, 7.3529, 10.74165, 14.7821, 24.94542, 1.64524, -9.74669, -13.76579, -8.1495, 8.03009, 12.63726, -12.05293, 2.34131, -2.89752, -21.05185, 5.95011, -4.94674, -16.19454, 11.78292, 6.18038, -4.49094, 0.79944, -28.27976, 7.82899, 22.56558, 11.98696, 14.23333, -0.19761, -3.46581, -12.49047]
--Training in process--
>> #Epoch run: 156: 
 >> Training accuracy=89.39%
 >> Weights =[-55.99458, 50.30352, 0.80364, 2.87631, -2.53578, 9.09553, 6.09978, 10.44902, 15.64632, 25.28899, 2.91673, -9.54778, -12.03935, -9.25956, 9.66448, 14.13989, -13.44683, 1.86667, -3.43905, -20.36094, 6.81344, -5.82343, -16.13377, 12.38684, 6.01418, -5.06386, 0.98418, -27.52048, 8.99387, 20.8693, 13.60864, 14.66655, -0.74571, -3.16573, -12.21519]
--Training in process--
>> #Epoch run: 157: 
 >> Training accuracy=90.61%
 >> Weights =[-55.99458, 50.30352, 0.80364, 2.92731, -2.47963, 8.36413, 5.43907, 10.15053, 15.76261, 24.34157, 0.58482, -9.53476, -13.75093, -8.61666, 8.31026, 13.93286, -15.49179, 1.44124, -3.23836, -20.08758, 6.05887, -6.65021, -15.83839, 12.12582, 5.42162, -6.46801, 1.30401, -28.55247, 8.35707, 20.82113, 13.15519, 15.2878, 0.69651, -3.53896, -11.76315]
--Training in process--
>> #Epoch run: 158: 
 >> Training accuracy=91.84%
 >> Weights =[-56.99458, 49.30352, 0.80364, 3.12686, -4.10821, 9.4355, 6.48581, 10.06524, 14.29713, 26.68081, 1.37256, -10.20722, -13.4843, -8.46746, 9.57129, 13.14789, -15.40218, 0.76255, -3.33584, -18.34955, 6.84573, -7.3091, -16.7312, 10.35505, 3.72557, -3.72808, 0.55649, -28.68495, 8.43645, 21.67915, 12.515, 16.60346, -0.28946, -2.38425, -11.83627]
--Training in process--
>> #Epoch run: 159: 
 >> Training accuracy=91.84%
 >> Weights =[-57.99458, 50.30352, 0.80364, 0.93709, -1.2804, 8.38676, 5.22095, 8.78988, 15.11752, 27.01978, 0.56651, -9.51595, -11.11378, -9.06574, 10.67775, 13.72613, -12.84171, 1.33332, -5.07585, -17.84681, 7.66111, -6.00961, -16.93171, 9.98505, 6.5833, -4.27792, 2.64927, -28.77143, 8.50081, 21.15351, 12.62865, 14.51403, 0.12593, -1.66357, -13.68118]
--Training in process--
>> #Epoch run: 160: 
 >> Training accuracy=92.24%
 >> Weights =[-57.99458, 50.30352, 0.80364, 0.05093, -3.10693, 7.54544, 5.96, 9.67384, 15.11138, 27.26891, 0.39982, -10.48579, -12.1394, -9.47802, 9.72131, 13.64379, -13.46862, 2.25349, -3.52581, -17.96536, 6.82734, -6.90301, -15.23279, 10.3216, 5.91365, -4.78117, 1.99184, -28.34969, 8.74087, 20.7844, 11.76186, 16.73763, 0.07658, -1.2013, -12.52913]
--Training in process--
>> #Epoch run: 161: 
 >> Training accuracy=92.65%
 >> Weights =[-57.99458, 50.30352, 0.80364, 1.49778, -2.43087, 8.6833, 5.71903, 9.45323, 14.87919, 26.10735, 1.89442, -9.98446, -10.84893, -9.92635, 8.34344, 13.64233, -11.95036, 1.85309, -3.45619, -21.24452, 7.00892, -7.61965, -16.63535, 11.03186, 6.11915, -3.93321, 2.39284, -28.56394, 8.60715, 21.33033, 13.81576, 14.71109, -0.57496, -1.88294, -12.70615]
--Training in process--
>> #Epoch run: 162: 
 >> Training accuracy=89.8%
 >> Weights =[-56.99458, 51.30352, 0.80364, 2.77929, -3.30479, 9.02308, 4.22299, 10.48405, 13.54831, 26.54847, 0.11251, -8.81396, -12.58628, -8.49364, 6.49787, 14.5073, -14.57381, 2.2366, -2.79093, -20.63941, 6.00177, -7.32084, -16.76291, 11.18576, 4.84316, -5.7812, 2.78935, -29.47257, 7.99123, 20.8766, 12.84684, 15.14957, -0.01787, -2.04152, -13.27954]
--Training in process--
>> #Epoch run: 163: 
 >> Training accuracy=92.65%
 >> Weights =[-58.99458, 50.30352, 0.80364, 2.24431, -2.91317, 9.31217, 3.62078, 9.37656, 13.78881, 27.97137, -0.23595, -10.46863, -12.54183, -9.69422, 8.90937, 13.56492, -12.7591, 2.30658, -2.39665, -18.46262, 6.36369, -7.3032, -15.95423, 10.9637, 5.03012, -4.97446, 1.33996, -29.69605, 8.7102, 20.68451, 14.56124, 14.19477, -0.80024, -2.42567, -9.84498]
--Training in process--
>> #Epoch run: 164: 
 >> Training accuracy=91.43%
 >> Weights =[-57.99458, 51.30352, 0.80364, 4.25736, -0.21817, 8.91163, 4.48173, 10.11839, 13.64535, 27.13226, 1.36428, -11.39474, -12.95129, -9.34502, 7.79856, 13.71021, -14.39295, 1.45499, -3.58975, -19.85751, 5.62178, -7.88308, -16.00325, 11.02408, 4.28454, -4.06616, 0.24426, -28.99224, 7.43323, 23.12473, 12.76405, 14.65615, 0.44197, -1.99067, -10.44431]
--Training in process--
>> #Epoch run: 165: 
 >> Training accuracy=91.84%
 >> Weights =[-57.99458, 51.30352, 0.80364, 1.64339, -2.49126, 9.44161, 3.5116, 10.94192, 13.33865, 26.39856, -0.243, -11.19571, -13.306, -9.73462, 8.3001, 14.56665, -13.33028, 2.82069, -2.20096, -20.72283, 6.3929, -6.50895, -16.7244, 10.26285, 4.15273, -4.56484, 0.94441, -29.42948, 8.32721, 21.96045, 12.09004, 15.14831, 0.15274, -1.31972, -10.30869]
--Training in process--
>> #Epoch run: 166: 
 >> Training accuracy=92.24%
 >> Weights =[-57.99458, 51.30352, 0.80364, 0.59861, -1.65668, 9.42434, 4.93731, 10.11378, 14.22754, 26.53809, 2.58759, -12.06745, -11.72224, -9.49747, 9.54479, 14.47615, -11.73706, 2.57692, -2.94456, -20.3357, 8.33137, -6.20778, -16.40803, 9.98965, 6.62725, -3.28563, 2.0856, -30.01433, 8.84777, 20.65176, 13.0105, 15.38651, -1.2931, -1.52346, -11.39094]
--Training in process--
>> #Epoch run: 167: 
 >> Training accuracy=90.61%
 >> Weights =[-57.99458, 51.30352, 0.80364, 1.56067, -1.87206, 9.63873, 3.96686, 10.81887, 13.96748, 25.1029, 0.70875, -11.85166, -12.86568, -9.1021, 7.78406, 15.00292, -13.73524, 2.13737, -3.49755, -19.69281, 6.45173, -5.55272, -16.96714, 11.78022, 5.26, -3.31722, 1.36348, -29.82097, 7.5801, 22.01925, 12.42711, 16.97638, -0.86517, -1.63032, -11.80171]
--Training in process--
>> #Epoch run: 168: 
 >> Training accuracy=90.61%
 >> Weights =[-58.99458, 50.30352, 0.80364, 1.77896, -0.77194, 9.44337, 6.82258, 10.48135, 13.67457, 25.42171, 2.03886, -11.52717, -12.7197, -9.40404, 8.82092, 14.44136, -12.94229, 4.30241, -2.33417, -19.17883, 8.67104, -5.44827, -16.74967, 11.97915, 5.2379, -5.38332, 0.65456, -29.42126, 8.11084, 21.38853, 14.12345, 16.44933, -1.44647, -0.8578, -11.01637]
--Training in process--
>> #Epoch run: 169: 
 >> Training accuracy=91.02%
 >> Weights =[-57.99458, 52.30352, 0.80364, 2.893, -2.11687, 9.10398, 6.81387, 10.36138, 13.01395, 26.07648, 2.04347, -10.59619, -12.05416, -9.51434, 6.21734, 15.04563, -12.66933, 3.11357, -2.61313, -20.22512, 7.1365, -5.1458, -17.70438, 10.4683, 4.82835, -5.92737, 1.68887, -31.74134, 5.93432, 21.18265, 12.9459, 14.95604, 0.28016, -2.79318, -12.26162]
--Training in process--
>> #Epoch run: 170: 
 >> Training accuracy=91.02%
 >> Weights =[-58.99458, 52.30352, 0.80364, 1.29599, -1.85927, 10.01924, 7.0249, 9.95116, 13.07234, 27.07235, 1.63065, -10.70493, -12.80388, -11.18211, 8.82405, 13.99377, -12.47166, 2.7748, -2.57667, -18.28819, 6.59549, -5.0112, -17.49778, 11.13605, 6.78557, -5.93616, -0.08739, -29.30218, 7.92332, 22.54071, 13.42344, 14.3031, 1.99437, -1.96807, -10.96196]
--Training in process--
>> #Epoch run: 171: 
 >> Training accuracy=91.84%
 >> Weights =[-59.99458, 51.30352, 0.80364, 1.65618, -0.22441, 8.23384, 5.22191, 10.13132, 14.1577, 26.35749, 2.74611, -10.08393, -12.07817, -10.01616, 7.64094, 15.56652, -12.85389, 1.70721, -2.54227, -19.38086, 7.22049, -5.22616, -17.89626, 11.74638, 5.81214, -6.5378, -0.40314, -30.46745, 6.50758, 21.86758, 14.07305, 13.39922, 1.47499, -2.27491, -12.22396]
--Training in process--
>> #Epoch run: 172: 
 >> Training accuracy=91.43%
 >> Weights =[-58.99458, 52.30352, 0.80364, 0.71137, -1.98834, 8.59063, 5.33672, 11.3566, 15.65507, 25.92045, 2.61545, -11.823, -11.29716, -10.23902, 7.62613, 15.41592, -12.24782, 1.10727, -3.53819, -19.59876, 6.74209, -6.26435, -16.83491, 11.02352, 6.05651, -5.18763, 0.16476, -31.74253, 6.01856, 19.95224, 12.64915, 15.60791, 0.46006, -2.62618, -11.45469]
--Training in process--
>> #Epoch run: 173: 
 >> Training accuracy=90.61%
 >> Weights =[-58.99458, 52.30352, 0.80364, 1.49681, -2.93473, 10.27884, 6.12308, 12.49883, 12.02372, 26.757, 2.43521, -11.26126, -12.60715, -10.7366, 8.9714, 15.46429, -13.0457, 4.02888, -4.04223, -19.19454, 6.75724, -6.07007, -16.79983, 11.17185, 5.63473, -5.64641, -0.37276, -30.28919, 7.169, 19.56558, 12.49066, 15.19646, -1.33537, -2.40676, -12.22935]
--Training in process--
>> #Epoch run: 174: 
 >> Training accuracy=93.47%
 >> Weights =[-59.99458, 51.30352, 0.80364, 3.05453, -2.65845, 9.38068, 8.01323, 11.44161, 12.36356, 25.9934, 0.76897, -10.58396, -12.26884, -10.5271, 7.85659, 14.03512, -13.04621, 2.67682, -2.66485, -20.99918, 6.2876, -6.78518, -15.76743, 11.32719, 6.12567, -5.81869, 0.55459, -30.40364, 9.77832, 21.64626, 12.3965, 14.90593, -0.35974, -2.21385, -11.61307]
--Training in process--
>> #Epoch run: 175: 
 >> Training accuracy=92.65%
 >> Weights =[-58.99458, 52.30352, 0.80364, 3.06241, -0.53172, 8.20903, 5.94416, 11.43794, 14.54427, 25.60846, 2.37129, -10.76277, -11.33967, -9.34751, 7.30948, 14.79263, -12.20422, 1.96089, -3.97943, -21.22875, 8.02207, -6.82671, -15.07732, 10.84083, 6.89143, -4.53761, 0.33992, -31.14047, 8.0273, 22.71814, 13.83521, 13.99209, 0.61948, -3.3857, -12.7111]
--Training in process--
>> #Epoch run: 176: 
 >> Training accuracy=91.43%
 >> Weights =[-58.99458, 52.30352, 0.80364, 2.5946, -1.95284, 8.13012, 5.58186, 10.63302, 12.7468, 26.45596, 0.23644, -10.22393, -12.97138, -9.11074, 8.06941, 15.38913, -13.74929, 2.23371, -3.48547, -21.00457, 6.21868, -5.32477, -16.74627, 9.57288, 4.93469, -4.9128, 0.1487, -31.16747, 8.26174, 22.30999, 12.67589, 15.20968, -0.22799, -1.48704, -12.44666]
--Training in process--
>> #Epoch run: 177: 
 >> Training accuracy=91.84%
 >> Weights =[-58.99458, 52.30352, 0.80364, 2.39289, -0.6359, 8.82233, 5.40302, 9.4804, 14.21157, 26.90625, 2.12803, -9.91327, -12.95494, -9.32449, 9.10426, 13.24584, -11.97243, 1.59806, -3.5373, -20.80445, 8.35159, -6.35389, -15.57469, 10.10214, 6.61826, -5.69308, 1.10963, -30.72035, 7.99658, 22.39076, 15.23774, 14.27469, -0.4942, -1.54254, -13.32176]
--Training in process--
>> #Epoch run: 178: 
 >> Training accuracy=91.43%
 >> Weights =[-58.99458, 52.30352, 0.80364, 2.51598, -1.14744, 10.54084, 4.13822, 11.12682, 14.12532, 25.32728, 0.03337, -10.34503, -14.17283, -9.68986, 8.18407, 13.78027, -13.17944, 1.34606, -3.96653, -20.58202, 6.83006, -5.09106, -16.76728, 12.23608, 4.25218, -6.11, 0.58819, -29.96316, 7.53633, 23.20263, 14.3919, 15.5316, -0.99221, -1.32671, -12.61112]
--Training in process--
>> #Epoch run: 179: 
 >> Training accuracy=92.24%
 >> Weights =[-58.99458, 52.30352, 0.80364, 2.05464, -2.25732, 10.47664, 3.92547, 10.87851, 15.93784, 25.81745, 2.17155, -10.14972, -12.77205, -10.46074, 8.64826, 15.61968, -12.51515, 0.4878, -3.85569, -20.66697, 7.67302, -6.24345, -15.44939, 12.26202, 5.47528, -6.57629, 1.18341, -29.90486, 8.37026, 21.41002, 14.24515, 16.36245, -1.37778, -3.26486, -13.26069]
--Training in process--
>> #Epoch run: 180: 
 >> Training accuracy=90.61%
 >> Weights =[-58.99458, 52.30352, 0.80364, 1.96011, -2.91179, 10.98458, 5.24923, 10.95196, 13.0391, 25.91094, 0.7007, -10.96064, -13.73498, -9.68458, 9.08976, 13.59762, -12.81067, 2.3067, -3.92206, -20.798, 7.38607, -5.78185, -15.05963, 11.30241, 5.95637, -4.20467, 2.44872, -30.4769, 10.02366, 23.4942, 13.53919, 16.22401, -0.13437, -3.79791, -12.458]
--Training in process--
>> #Epoch run: 181: 
 >> Training accuracy=92.65%
 >> Weights =[-58.99458, 52.30352, 0.80364, 2.50983, -1.89492, 10.27456, 5.59381, 10.0652, 15.2207, 26.32523, 1.29677, -11.42194, -13.04471, -9.26896, 9.31784, 13.83514, -12.63592, 0.03815, -5.52606, -19.80276, 7.92865, -6.90472, -15.15106, 11.3505, 6.50466, -4.45949, 2.7616, -30.7085, 9.30936, 22.64339, 14.2388, 15.76004, -0.85602, -3.84501, -12.84237]
--Training in process--
>> #Epoch run: 182: 
 >> Training accuracy=92.24%
 >> Weights =[-59.99458, 51.30352, 0.80364, 2.48944, -2.01896, 8.88823, 4.50893, 11.07543, 15.04024, 27.16245, 2.18357, -11.60611, -13.25112, -9.11374, 8.66108, 15.4098, -13.70543, 0.86629, -3.93433, -19.82466, 7.50615, -6.32139, -16.52842, 11.28119, 5.599, -5.26212, 0.35113, -30.93991, 8.12512, 20.90931, 14.30671, 16.50103, -2.13656, -3.47945, -12.90465]
--Training in process--
>> #Epoch run: 183: 
 >> Training accuracy=89.8%
 >> Weights =[-58.99458, 53.30352, 0.80364, 1.98071, -2.10562, 9.90272, 6.45593, 10.27116, 13.23605, 27.00345, 0.08117, -10.56557, -13.80634, -10.20391, 8.46431, 14.21978, -13.10945, 2.43277, -4.90405, -19.48712, 7.15925, -6.01651, -17.37715, 11.44238, 5.2669, -4.71889, 1.99394, -29.71819, 8.84944, 23.59306, 14.14997, 15.762, 1.10576, -2.06707, -13.52541]
--Training in process--
>> #Epoch run: 184: 
 >> Training accuracy=91.43%
 >> Weights =[-59.99458, 53.30352, 0.80364, 1.16904, -3.37569, 8.77705, 4.41693, 11.01407, 13.31921, 27.64671, -0.26565, -10.78737, -13.47318, -10.64994, 9.6438, 15.60303, -13.01454, 2.17364, -2.96305, -18.28685, 6.22685, -5.91226, -17.77431, 10.88546, 6.2404, -6.64817, 0.3108, -30.47033, 7.07519, 21.55649, 13.30735, 17.20341, -0.69056, -2.70905, -12.74786]
--Training in process--
>> #Epoch run: 185: 
 >> Training accuracy=90.2%
 >> Weights =[-58.99458, 54.30352, 0.80364, 1.55687, -1.57461, 8.50191, 5.54288, 11.23655, 13.8172, 26.90821, 0.93937, -11.50899, -13.15228, -9.00669, 8.51675, 14.42259, -12.03014, 4.09168, -5.1105, -19.89711, 7.45879, -5.80322, -16.65911, 10.13162, 6.97225, -4.78257, 1.88641, -32.02772, 7.44385, 21.66911, 13.30625, 15.76426, -0.27665, -2.46851, -12.92538]
--Training in process--
>> #Epoch run: 186: 
 >> Training accuracy=91.84%
 >> Weights =[-59.99458, 53.30352, 0.80364, 0.61967, -1.13695, 8.62615, 4.93027, 9.88099, 14.02489, 26.60083, -0.45169, -10.65615, -14.33915, -9.30284, 8.53781, 14.36583, -11.35416, 3.0286, -4.43925, -20.39268, 6.10023, -5.3841, -16.76756, 10.70569, 7.0022, -4.94582, 2.04683, -30.71081, 8.97242, 22.991, 13.52899, 16.94096, 0.63717, -1.36961, -11.98921]
--Training in process--
>> #Epoch run: 187: 
 >> Training accuracy=91.43%
 >> Weights =[-59.99458, 53.30352, 0.80364, 1.43661, -0.82999, 7.85882, 4.76338, 9.93689, 13.38369, 27.72326, 1.93169, -11.81538, -13.7648, -10.11945, 9.0512, 14.15402, -12.41127, 2.7185, -3.24008, -19.36975, 6.68946, -6.25594, -15.58035, 9.49574, 7.65709, -5.3026, 0.14088, -31.78645, 8.64471, 22.90042, 14.02026, 16.09521, 0.17026, -3.05684, -12.00079]
--Training in process--
>> #Epoch run: 188: 
 >> Training accuracy=91.43%
 >> Weights =[-59.99458, 53.30352, 0.80364, 1.59215, -0.1581, 9.09698, 4.1108, 9.60471, 15.51063, 26.86141, 2.05941, -10.84695, -13.05535, -9.72642, 8.65704, 13.55456, -10.29745, 0.07682, -3.10666, -20.56517, 6.43832, -5.2312, -17.51058, 10.14117, 7.38803, -5.95658, 0.12536, -32.36493, 7.22647, 23.84726, 13.69416, 16.47461, -1.40227, -2.84048, -12.46337]
--Training in process--
>> #Epoch run: 189: 
 >> Training accuracy=92.65%
 >> Weights =[-59.99458, 53.30352, 0.80364, 2.38725, -2.16537, 10.62319, 4.03566, 11.55685, 14.12688, 27.02945, 1.5762, -10.66838, -11.97649, -9.4988, 5.93727, 14.6933, -13.18345, 0.79378, -3.22393, -21.00344, 5.74521, -6.26208, -17.69636, 11.04206, 6.59328, -4.71906, 1.36286, -31.91534, 8.56918, 23.78704, 12.65814, 17.29164, -0.30912, -2.81452, -11.95385]
--Training in process--
>> #Epoch run: 190: 
 >> Training accuracy=93.47%
 >> Weights =[-60.99458, 52.30352, 0.80364, 2.05794, -1.20898, 9.68374, 6.57429, 10.85413, 13.87296, 27.30964, 1.88759, -10.49304, -12.65341, -10.4923, 7.09281, 15.43434, -12.44943, 3.29363, -3.10145, -20.03938, 6.98602, -6.00194, -17.98644, 11.30836, 6.3158, -6.37639, -0.50604, -30.47112, 9.59913, 23.06348, 13.79892, 16.72929, -1.33475, -1.86938, -12.02951]
--Training in process--
>> #Epoch run: 191: 
 >> Training accuracy=90.2%
 >> Weights =[-59.99458, 53.30352, 0.80364, 2.57447, -1.44567, 8.75397, 6.57638, 12.25402, 11.74968, 27.1834, 1.68333, -11.85053, -12.97499, -9.50338, 7.28743, 15.25582, -13.99351, 3.57491, -3.40791, -21.23671, 6.49, -5.92985, -16.95936, 9.07653, 6.14112, -5.48946, 0.70306, -31.72282, 9.89335, 23.1807, 13.25463, 15.78858, 0.79804, -2.35829, -11.18367]
--Training in process--
>> #Epoch run: 192: 
 >> Training accuracy=93.06%
 >> Weights =[-59.99458, 53.30352, 0.80364, 1.99022, -1.44243, 8.7434, 4.98354, 10.70202, 13.95296, 27.6746, 2.53387, -10.90128, -12.87603, -10.01672, 7.97955, 14.30626, -12.08585, 2.55669, -2.05958, -20.9413, 7.80431, -7.08147, -16.81678, 8.96277, 7.82334, -5.97985, -0.02695, -31.39991, 8.66761, 22.98361, 15.53243, 16.42187, -0.13832, -2.19925, -11.86982]
--Training in process--
>> #Epoch run: 193: 
 >> Training accuracy=89.39%
 >> Weights =[-58.99458, 54.30352, 0.80364, 3.23184, -1.70565, 9.1511, 4.08926, 12.19145, 14.31529, 27.09383, 1.36302, -9.99163, -13.15132, -8.61011, 6.04978, 14.99193, -12.95645, 3.31483, -3.45134, -21.70229, 7.07106, -7.10242, -17.58572, 9.51729, 6.31832, -5.92787, 0.1882, -31.65753, 6.98818, 23.4342, 14.283, 17.07797, -1.26337, -2.6115, -13.42143]
--Training in process--
>> #Epoch run: 194: 
 >> Training accuracy=90.61%
 >> Weights =[-59.99458, 53.30352, 0.80364, 2.30159, -2.14067, 8.88846, 5.90676, 11.40887, 15.38758, 26.75944, 1.07968, -9.80937, -14.61776, -9.61771, 6.02928, 13.96353, -13.68406, 2.28098, -1.43175, -22.02046, 6.83643, -6.12818, -17.06392, 10.13736, 5.42027, -6.65375, 1.49807, -31.31981, 10.70523, 23.43481, 14.39025, 16.85753, 2.23643, -1.60207, -12.20481]
--Training in process--
>> #Epoch run: 195: 
 >> Training accuracy=90.2%
 >> Weights =[-59.99458, 53.30352, 0.80364, 1.98431, -2.45893, 9.47516, 5.85779, 11.22568, 14.11178, 26.68419, 2.52028, -11.19713, -12.50259, -10.94716, 8.12259, 15.08488, -14.07697, 2.85962, -2.10599, -21.181, 7.48136, -5.59792, -17.59545, 9.5585, 5.39892, -4.70691, -0.07218, -30.30069, 11.71701, 22.62503, 16.79506, 16.73342, 1.11297, -0.53288, -12.01905]
--Training in process--
>> #Epoch run: 196: 
 >> Training accuracy=90.2%
 >> Weights =[-59.99458, 54.30352, 0.80364, 0.18706, -1.48731, 8.5945, 5.14166, 11.59682, 13.92425, 26.09893, 1.24035, -11.53777, -12.34378, -9.57612, 9.40053, 15.88728, -14.45798, 4.26197, -2.94208, -20.5535, 6.88194, -4.61025, -17.44757, 9.7692, 6.14443, -5.83252, -1.45415, -31.1451, 10.2861, 22.49665, 15.44309, 16.67748, 0.90632, -0.65432, -10.85081]
--Training in process--
>> #Epoch run: 197: 
 >> Training accuracy=91.02%
 >> Weights =[-59.99458, 54.30352, 0.80364, 0.67615, -1.03147, 9.15607, 5.62194, 11.59927, 13.30697, 25.71416, 1.90537, -10.49725, -12.09258, -8.55959, 8.86273, 14.46936, -14.24392, 4.22448, -4.63395, -22.05359, 7.64297, -5.18142, -15.96377, 9.8719, 6.89811, -4.73643, 0.39555, -30.89858, 10.32828, 23.75174, 16.19735, 15.40441, 0.9304, -0.97099, -13.50863]
--Training in process--
>> #Epoch run: 198: 
 >> Training accuracy=89.8%
 >> Weights =[-59.99458, 54.30352, 0.80364, 0.0139, -2.50927, 8.98194, 6.38965, 11.93265, 13.21762, 26.51772, 1.95483, -11.6031, -11.91879, -8.15987, 10.12108, 15.29539, -14.75815, 2.89196, -4.44996, -20.25939, 7.89691, -5.20106, -15.9113, 9.16846, 5.39602, -4.39022, 0.2754, -31.67947, 9.73949, 22.4545, 15.21815, 16.50609, 0.33649, -0.28791, -12.61572]
--Training in process--
>> #Epoch run: 199: 
 >> Training accuracy=90.61%
 >> Weights =[-60.99458, 54.30352, 0.80364, 0.39055, -1.23299, 9.81268, 6.8362, 10.42351, 14.27009, 26.87143, 0.02791, -10.2675, -12.13272, -8.03452, 10.50843, 13.86059, -12.6674, 2.09393, -4.51911, -19.34881, 7.1793, -6.21968, -17.84553, 9.61103, 6.55899, -6.61188, -1.67755, -30.60445, 9.17632, 22.89565, 15.98966, 15.34789, 0.37495, 0.2214, -10.3372]
--Training in process--
>> #Epoch run: 200: 
 >> Training accuracy=92.24%
 >> Weights =[-60.99458, 54.30352, 0.80364, -0.03436, -1.85914, 9.32677, 6.6414, 11.90945, 14.75532, 26.93947, 0.5003, -10.74225, -10.45368, -7.85841, 9.82406, 14.35828, -13.23974, 1.73014, -4.63326, -20.46255, 8.0186, -7.85633, -16.70997, 9.47421, 8.68777, -5.99034, -0.57376, -30.44137, 9.26788, 21.90587, 15.40734, 16.57203, -0.50214, -0.03393, -12.47506]
--Training in process--
>> #Epoch run: 201: 
 >> Training accuracy=93.47%
 >> Weights =[-60.99458, 54.30352, 0.80364, -0.59201, -1.44375, 8.7209, 5.83205, 11.5585, 13.34774, 27.26721, 0.82274, -11.88955, -12.1255, -6.88635, 9.25435, 13.55656, -13.89377, 1.17628, -6.4611, -19.84108, 7.63195, -7.08794, -17.48224, 8.72287, 7.42556, -5.0782, -0.37405, -32.05543, 7.57509, 21.43504, 15.65977, 16.52018, -0.6397, -1.49943, -12.91769]
--Training in process--
>> #Epoch run: 202: 
 >> Training accuracy=91.02%
 >> Weights =[-60.99458, 55.30352, 0.80364, 1.48963, -2.07853, 8.77201, 6.42615, 11.70391, 14.56963, 26.5368, -0.27551, -12.64655, -12.71907, -9.08949, 8.08958, 14.50289, -13.46623, 0.93734, -2.68198, -17.61642, 7.92701, -7.36402, -18.8264, 11.11618, 6.95696, -5.45379, 0.15309, -29.2398, 10.34189, 23.26371, 14.75912, 16.31693, -0.13883, -2.20963, -12.38251]
--Training in process--
>> #Epoch run: 203: 
 >> Training accuracy=91.84%
 >> Weights =[-60.99458, 55.30352, 0.80364, 1.33128, -1.7564, 8.83071, 4.57644, 11.77759, 13.13422, 27.06564, 1.81362, -12.35417, -12.17682, -7.955, 7.38885, 14.58081, -13.87708, 1.54156, -3.93628, -18.49022, 9.38004, -6.0354, -19.82751, 9.73529, 7.08192, -4.84136, -0.01561, -31.75145, 8.77108, 22.20046, 14.73049, 14.30553, -1.70658, -3.41552, -14.59975]
--Training in process--
>> #Epoch run: 204: 
 >> Training accuracy=93.06%
 >> Weights =[-61.99458, 55.30352, 0.80364, 1.41112, -2.41671, 8.05973, 5.04751, 11.79535, 14.18742, 26.10631, -1.40399, -12.25418, -12.80208, -9.55211, 9.10818, 15.13574, -13.72347, 2.05996, -4.17425, -18.37992, 7.19725, -8.10498, -17.81086, 11.53673, 8.62125, -4.53587, -0.88572, -28.93861, 9.10158, 23.77716, 12.2507, 16.68073, -0.85806, -2.9931, -12.73827]
--Training in process--
>> #Epoch run: 205: 
 >> Training accuracy=91.43%
 >> Weights =[-61.99458, 55.30352, 0.80364, 1.11685, -2.41343, 7.35301, 7.13528, 10.88829, 13.63299, 26.55752, -0.51132, -12.33395, -14.25235, -8.67811, 7.78365, 13.85334, -13.23543, 2.56291, -3.9921, -18.84961, 7.73373, -7.05669, -17.84229, 10.40378, 6.56468, -5.14458, 0.25566, -30.49296, 9.56647, 23.19958, 12.68819, 15.86978, 0.50816, -2.42573, -11.98655]
--Training in process--
>> #Epoch run: 206: 
 >> Training accuracy=91.43%
 >> Weights =[-61.99458, 55.30352, 0.80364, 3.18903, -1.851, 8.15854, 7.82981, 11.03225, 14.63081, 27.10123, 2.54954, -10.73934, -12.56816, -9.73512, 8.51453, 13.75986, -13.77192, 2.12852, -2.33078, -19.72163, 7.4965, -7.51691, -18.02598, 11.16687, 7.14911, -6.3179, -1.37294, -28.91268, 9.4579, 23.66102, 14.23179, 15.56757, 0.17212, -1.69901, -12.57744]
--Training in process--
>> #Epoch run: 207: 
 >> Training accuracy=91.43%
 >> Weights =[-61.99458, 55.30352, 0.80364, 1.20834, -2.13647, 7.43542, 6.30501, 11.69973, 14.85962, 27.2008, 3.67271, -11.48595, -12.17893, -8.6258, 9.20119, 14.02386, -13.27456, 1.86294, -2.62094, -19.40089, 9.77951, -6.60843, -17.46307, 10.28433, 5.7959, -5.87421, -0.15311, -30.92173, 8.22225, 22.6115, 15.24671, 15.13091, 0.08122, -2.67929, -13.14355]
--Training in process--
>> #Epoch run: 208: 
 >> Training accuracy=91.84%
 >> Weights =[-62.99458, 55.30352, 0.80364, 1.00466, -2.07246, 9.15944, 7.18961, 11.54683, 13.60281, 26.82572, 0.19868, -10.18083, -11.84173, -7.57842, 8.46948, 14.86224, -12.56071, 1.26933, -6.33842, -20.01015, 7.07475, -6.19531, -19.19096, 10.87145, 5.32361, -4.65835, -0.36162, -29.75446, 9.56895, 24.33468, 12.30096, 15.11993, -0.03493, -2.39712, -12.13068]
--Training in process--
>> #Epoch run: 209: 
 >> Training accuracy=91.84%
 >> Weights =[-62.99458, 55.30352, 0.80364, 0.01657, -2.07276, 8.24441, 7.66857, 12.34408, 12.66009, 27.45661, 2.07276, -11.28953, -12.12578, -8.07261, 9.92368, 14.79093, -13.34211, 1.50726, -4.12765, -19.15461, 8.39152, -6.45398, -16.38381, 11.22342, 6.35583, -5.99786, 0.29041, -29.50625, 10.2237, 23.15609, 13.34324, 15.5239, 0.59452, -2.42848, -12.21564]
--Training in process--
>> #Epoch run: 210: 
 >> Training accuracy=92.65%
 >> Weights =[-62.99458, 55.30352, 0.80364, 0.68125, -2.1646, 9.10343, 6.97048, 11.2794, 12.31036, 26.30367, 1.7501, -9.993, -12.61526, -7.64597, 7.98942, 14.58056, -14.40242, 0.01757, -3.6767, -21.02449, 7.35805, -6.44245, -17.52172, 11.4641, 6.03072, -7.63111, -1.15867, -31.01792, 9.53351, 23.52899, 12.3146, 14.54979, -0.06597, -3.51385, -12.76463]
--Training in process--
>> #Epoch run: 211: 
 >> Training accuracy=88.98%
 >> Weights =[-60.99458, 57.30352, 0.80364, -0.30396, -1.99962, 8.07059, 5.85556, 12.27099, 13.55991, 27.57148, 3.47164, -11.66706, -13.28136, -8.2987, 9.71903, 15.662, -13.17719, 1.41205, -4.04127, -18.7979, 9.64386, -5.84136, -15.60083, 11.59153, 6.45179, -5.89652, -0.45446, -30.23738, 9.29092, 22.23372, 13.93884, 15.66163, 0.03202, -3.76898, -12.96229]
--Training in process--
>> #Epoch run: 212: 
 >> Training accuracy=89.8%
 >> Weights =[-61.99458, 56.30352, 0.80364, 0.40194, -2.65156, 8.40299, 6.96566, 11.42004, 13.57443, 27.17524, 1.77067, -12.03138, -13.32373, -8.47403, 6.49128, 12.99007, -13.41354, 1.65635, -3.60602, -20.46099, 7.95605, -7.0774, -16.02, 11.06849, 4.64692, -5.8773, -0.28741, -30.95249, 10.40553, 23.10361, 14.50435, 14.98683, 1.64108, -3.59775, -11.28219]
--------training end--------
 Predictions on testing instances:
Instance 0, class: g, predicted class: g
Instance 1, class: b, predicted class: g
Instance 2, class: b, predicted class: b
Instance 3, class: b, predicted class: b
Instance 4, class: g, predicted class: g
Instance 5, class: b, predicted class: b
Instance 6, class: g, predicted class: b
Instance 7, class: g, predicted class: g
Instance 8, class: g, predicted class: g
Instance 9, class: g, predicted class: g
Instance 10, class: b, predicted class: b
Instance 11, class: g, predicted class: g
Instance 12, class: g, predicted class: g
Instance 13, class: g, predicted class: g
Instance 14, class: g, predicted class: g
Instance 15, class: g, predicted class: g
Instance 16, class: g, predicted class: g
Instance 17, class: g, predicted class: g
Instance 18, class: g, predicted class: g
Instance 19, class: b, predicted class: g
Instance 20, class: b, predicted class: b
Instance 21, class: b, predicted class: b
Instance 22, class: g, predicted class: g
Instance 23, class: b, predicted class: g
Instance 24, class: g, predicted class: g
Instance 25, class: g, predicted class: g
Instance 26, class: g, predicted class: g
Instance 27, class: b, predicted class: g
Instance 28, class: g, predicted class: g
Instance 29, class: g, predicted class: g
Instance 30, class: g, predicted class: g
Instance 31, class: b, predicted class: b
Instance 32, class: g, predicted class: g
Instance 33, class: g, predicted class: g
Instance 34, class: b, predicted class: b
Instance 35, class: g, predicted class: g
Instance 36, class: g, predicted class: b
Instance 37, class: g, predicted class: g
Instance 38, class: g, predicted class: b
Instance 39, class: b, predicted class: b
Instance 40, class: g, predicted class: g
Instance 41, class: g, predicted class: g
Instance 42, class: g, predicted class: g
Instance 43, class: g, predicted class: g
Instance 44, class: b, predicted class: b
Instance 45, class: g, predicted class: g
Instance 46, class: g, predicted class: g
Instance 47, class: b, predicted class: b
Instance 48, class: b, predicted class: b
Instance 49, class: b, predicted class: b
Instance 50, class: g, predicted class: g
Instance 51, class: g, predicted class: g
Instance 52, class: b, predicted class: b
Instance 53, class: b, predicted class: b
Instance 54, class: b, predicted class: g
Instance 55, class: g, predicted class: g
Instance 56, class: g, predicted class: g
Instance 57, class: g, predicted class: g
Instance 58, class: g, predicted class: g
Instance 59, class: g, predicted class: g
Instance 60, class: g, predicted class: g
Instance 61, class: g, predicted class: g
Instance 62, class: g, predicted class: g
Instance 63, class: g, predicted class: g
Instance 64, class: b, predicted class: b
Instance 65, class: b, predicted class: b
Instance 66, class: g, predicted class: g
Instance 67, class: g, predicted class: g
Instance 68, class: g, predicted class: g
Instance 69, class: g, predicted class: g
Instance 70, class: b, predicted class: b
Instance 71, class: g, predicted class: g
Instance 72, class: b, predicted class: b
Instance 73, class: g, predicted class: b
Instance 74, class: g, predicted class: g
Instance 75, class: b, predicted class: b
Instance 76, class: b, predicted class: b
Instance 77, class: b, predicted class: b
Instance 78, class: b, predicted class: g
Instance 79, class: g, predicted class: g
Instance 80, class: g, predicted class: g
Instance 81, class: b, predicted class: b
Instance 82, class: b, predicted class: b
Instance 83, class: b, predicted class: b
Instance 84, class: g, predicted class: g
Instance 85, class: g, predicted class: g
Instance 86, class: b, predicted class: b
Instance 87, class: b, predicted class: b
Instance 88, class: g, predicted class: g
Instance 89, class: b, predicted class: b
Instance 90, class: g, predicted class: g
Instance 91, class: g, predicted class: g
Instance 92, class: g, predicted class: g
Instance 93, class: g, predicted class: g
Instance 94, class: g, predicted class: g
Instance 95, class: g, predicted class: g
Instance 96, class: b, predicted class: b
Instance 97, class: g, predicted class: g
Instance 98, class: g, predicted class: g
Instance 99, class: g, predicted class: g
Instance 100, class: b, predicted class: g
Instance 101, class: g, predicted class: g
Instance 102, class: g, predicted class: g
Instance 103, class: g, predicted class: g
Instance 104, class: g, predicted class: g
Instance 105, class: g, predicted class: g
Testing accuracy =89.62%